0.10	0.02	8.81
0.20	8.83	17.26
0.30	26.08	24.69
0.40	50.77	30.67
0.50	81.45	35.13
0.60	116.58	38.25
0.70	154.82	40.33
0.80	195.16	41.70
0.90	236.86	42.59
1.00	279.45	43.19
1.10	322.64	43.60
1.20	366.24	43.90
1.30	410.14	44.13
1.40	454.27	44.32
1.50	498.59	44.49
1.60	543.08	44.65
1.70	587.73	44.79
1.80	632.52	44.94
1.90	677.45	45.08
2.00	722.53	45.21
2.10	767.74	45.35
2.20	813.10	45.49
2.30	858.59	45.63
2.40	904.22	45.77
2.50	949.99	45.91
2.60	995.91	46.05
2.70	1041.96	46.20
2.80	1088.16	46.34
2.90	1134.50	46.49
3.00	1180.98	46.63
3.10	1227.61	46.78
3.20	1274.39	46.92
3.30	1321.32	47.07
3.40	1368.39	47.22
3.50	1415.61	47.37
3.60	1462.99	47.53
3.70	1510.51	47.68
3.80	1558.19	47.83
3.90	1606.02	47.99
4.00	1654.01	48.14
4.10	1702.15	48.30
4.20	1750.45	48.46
4.30	1798.90	48.62
4.40	1847.52	48.78
4.50	1896.30	48.94
4.60	1945.23	49.10
4.70	1994.33	49.26
4.80	2043.60	49.43
4.90	2093.03	49.59
5.00	2142.62	49.76
5.10	2192.38	49.93
5.20	2242.31	50.10
5.30	2292.42	50.27
5.40	2342.69	50.44
5.50	2393.13	50.62
5.60	2443.75	50.79
5.70	2494.54	50.97
5.80	2545.51	51.15
5.90	2596.66	51.33
6.00	2647.98	51.51
6.10	2699.49	51.69
6.20	2751.17	51.87
6.30	2803.04	52.05
6.40	2855.10	52.24
6.50	2907.34	52.43
6.60	2959.77	52.62
6.70	3012.38	52.81
6.80	3065.19	53.00
6.90	3118.19	53.19
7.00	3171.38	53.39
7.10	3224.77	53.58
7.20	3278.35	53.78
7.30	3332.13	53.98
7.40	3386.11	54.18
7.50	3440.29	54.38
7.60	3494.68	54.59
7.70	3549.27	54.80
7.80	3604.06	55.00
7.90	3659.07	55.21
8.00	3714.28	55.42
8.10	3769.70	55.64
8.20	3825.34	55.85
8.30	3881.19	56.07
8.40	3937.26	56.29
8.50	3993.55	56.51
8.60	4050.06	56.73
8.70	4106.79	56.96
8.80	4163.75	57.18
8.90	4220.93	57.41
9.00	4278.34	57.64
9.10	4335.98	57.87
9.20	4393.85	58.11
9.30	4451.96	58.34
9.40	4510.30	58.58
9.50	4568.88	58.82
9.60	4627.70	59.06
9.70	4686.77	59.31
9.80	4746.08	59.56
9.90	4805.63	59.81
10.00	4865.44	60.06
10.10	4925.50	60.31
10.20	4985.81	60.57
10.30	5046.38	60.83
10.40	5107.21	61.09
10.50	5168.30	61.35
10.60	5229.65	61.62
10.70	5291.27	61.89
10.80	5353.16	62.16
10.90	5415.32	62.43
11.00	5477.76	62.71
11.10	5540.47	62.99
11.20	5603.46	63.27
11.30	5666.73	63.56
11.40	5730.29	63.85
11.50	5794.14	64.14
11.60	5858.27	64.43
11.70	5922.71	64.73
11.80	5987.43	65.03
11.90	6052.46	65.33
12.00	6117.79	65.64
12.10	6183.43	65.95
12.20	6249.37	66.26
12.30	6315.63	66.57
12.40	6382.21	66.89
12.50	6449.10	67.22
12.60	6516.31	67.54
12.70	6583.85	67.87
12.80	6651.72	68.20
12.90	6719.93	68.54
13.00	6788.47	68.88
13.10	6857.35	69.22
13.20	6926.57	69.57
13.30	6996.14	69.92
13.40	7066.06	70.28
13.50	7136.34	70.64
13.60	7206.98	71.00
13.70	7277.98	71.37
13.80	7349.35	71.74
13.90	7421.09	72.12
14.00	7493.21	72.50
14.10	7565.71	72.88
14.20	7638.59	73.27
14.30	7711.86	73.67
14.40	7785.53	74.07
14.50	7859.60	74.47
14.60	7934.06	74.88
14.70	8008.94	75.29
14.80	8084.24	75.71
14.90	8159.95	76.13
15.00	8236.08	76.56
15.10	8312.64	77.00
15.20	8389.64	77.44
15.30	8467.08	77.88
15.40	8544.96	78.33
15.50	8623.30	78.79
15.60	8702.09	79.26
15.70	8781.35	79.72
15.80	8861.07	80.20
15.90	8941.27	80.68
16.00	9021.95	81.17
16.10	9103.12	81.66
16.20	9184.78	82.16
16.30	9266.95	82.67
16.40	9349.62	83.19
16.50	9432.80	83.71
16.60	9516.51	84.24
16.70	9600.75	84.77
16.80	9685.53	85.32
16.90	9770.84	85.87
17.00	9856.72	86.43
17.10	9943.15	87.00
17.20	10030.15	87.58
17.30	10117.72	88.16
17.40	10205.88	88.75
17.50	10294.63	89.36
17.60	10383.99	89.97
17.70	10473.96	90.59
17.80	10564.54	91.22
17.90	10655.76	91.86
18.00	10747.62	92.51
18.10	10840.13	93.17
18.20	10933.29	93.84
18.30	11027.13	94.52
18.40	11121.65	95.21
18.50	11216.86	95.91
18.60	11312.77	96.63
18.70	11409.40	97.35
18.80	11506.75	98.09
18.90	11604.84	98.84
19.00	11703.68	99.61
19.10	11803.29	100.38
19.20	11903.67	101.17
19.30	12004.84	101.97
19.40	12106.81	102.79
19.50	12209.61	103.62
19.60	12313.23	104.47
19.70	12417.70	105.33
19.80	12523.03	106.21
19.90	12629.23	107.10
20.00	12736.33	108.01
20.10	12844.34	108.94
20.20	12953.28	109.88
20.30	13063.16	110.84
20.40	13174.00	111.82
20.50	13285.82	112.82
20.60	13398.65	113.84
20.70	13512.49	114.88
20.80	13627.36	115.94
20.90	13743.30	117.02
21.00	13860.32	118.12
21.10	13978.44	119.24
21.20	14097.68	120.39
21.30	14218.08	121.56
21.40	14339.64	122.76
21.50	14462.40	123.98
21.60	14586.39	125.23
21.70	14711.62	126.51
21.80	14838.13	127.81
21.90	14965.94	129.14
22.00	15095.08	130.51
22.10	15225.59	131.90
22.20	15357.49	133.32
22.30	15490.81	134.78
22.40	15625.59	136.27
22.50	15761.86	137.80
22.60	15899.66	139.36
22.70	16039.02	140.96
22.80	16179.99	142.60
22.90	16322.59	144.28
23.00	16466.87	146.00
23.10	16612.88	147.77
23.20	16760.64	149.58
23.30	16910.22	151.44
23.40	17061.66	153.34
23.50	17215.00	155.29
23.60	17370.29	157.30
23.70	17527.59	159.36
23.80	17686.95	161.47
23.90	17848.42	163.65
24.00	18012.07	165.88
24.10	18177.95	168.18
24.20	18346.13	170.54
24.30	18516.67	172.97
24.40	18689.64	175.47
24.50	18865.10	178.04
24.60	19043.14	180.68
24.70	19223.82	183.41
24.80	19407.23	186.22
24.90	19593.45	189.11
25.00	19782.56	192.09
25.10	19974.66	195.17
25.20	20169.82	198.34
25.30	20368.16	201.61
25.40	20569.78	204.99
25.50	20774.76	208.47
25.60	20983.24	212.07
25.70	21195.31	215.79
25.80	21411.09	219.63
25.90	21630.72	223.59
26.00	21854.31	227.69
26.10	22082.01	231.93
26.20	22313.94	236.32
26.30	22550.26	240.85
26.40	22791.12	245.55
26.50	23036.66	250.40
26.60	23287.06	255.43
26.70	23542.49	260.63
26.80	23803.11	266.01
26.90	24069.12	271.58
27.00	24340.71	277.35
27.10	24618.06	283.33
27.20	24901.38	289.51
27.30	25190.89	295.91
27.40	25486.81	302.54
27.50	25789.35	309.40
27.60	26098.76	316.50
27.70	26415.26	323.85
27.80	26739.11	331.45
27.90	27070.56	339.30
28.00	27409.86	347.42
28.10	27757.28	355.80
28.20	28113.08	364.46
28.30	28477.54	373.39
28.40	28850.93	382.59
28.50	29233.52	392.07
28.60	29625.59	401.83
28.70	30027.42	411.86
28.80	30439.28	422.16
28.90	30861.44	432.72
29.00	31294.16	443.55
29.10	31737.70	454.62
29.20	32192.32	465.93
29.30	32658.25	477.47
29.40	33135.72	489.23
29.50	33624.95	501.18
29.60	34126.13	513.32
29.70	34639.46	525.63
29.80	35165.09	538.10
29.90	35703.18	550.69
30.00	36253.88	563.40
30.10	36817.28	576.22
30.20	37393.50	589.12
30.30	37982.61	602.09
30.40	38584.70	615.12
30.50	39199.82	628.20
30.60	39828.02	641.31
30.70	40469.33	654.46
30.80	41123.79	667.63
30.90	41791.42	680.83
31.00	42472.25	694.05
31.10	43166.30	707.29
31.20	43873.59	720.54
31.30	44594.13	733.82
31.40	45327.95	747.12
31.50	46075.07	760.43
31.60	46835.50	773.77
31.70	47609.26	787.12
31.80	48396.38	800.49
31.90	49196.88	813.89
32.00	50010.76	827.30
32.10	50838.06	840.73
32.20	51678.80	854.19
32.30	52532.98	867.66
32.40	53400.64	881.15
32.50	54281.80	894.66
32.60	55176.46	908.20
32.70	56084.66	921.75
32.80	57006.41	935.32
32.90	57941.73	948.92
33.00	58890.65	962.53
33.10	59853.18	976.16
33.20	60829.34	989.82
33.30	61819.16	1003.49
33.40	62822.66	1017.19
33.50	63839.85	1030.91
33.60	64870.76	1044.65
33.70	65915.41	1058.40
33.80	66973.81	1072.18
33.90	68045.99	1085.98
34.00	69131.98	1099.80
34.10	70231.78	1113.65
34.20	71345.43	1127.51
34.30	72472.94	1141.40
34.40	73614.34	1155.30
34.50	74769.64	1169.23
34.60	75938.87	1183.18
34.70	77122.05	1197.15
34.80	78319.20	1211.14
34.90	79530.34	1225.15
35.00	80755.49	1239.19
35.10	81994.68	1253.25
35.20	83247.93	1267.33
35.30	84515.26	1281.43
35.40	85796.69	1295.55
35.50	87092.23	1309.69
35.60	88401.93	1323.86
35.70	89725.79	1338.05
35.80	91063.84	1352.26
35.90	92416.10	1366.50
36.00	93782.59	1380.75
36.10	95163.34	1395.03
36.20	96558.38	1409.33
36.30	97967.70	1423.66
36.40	99391.36	1438.00
36.50	100829.36	1452.37
36.60	102281.73	1466.76
36.70	103748.49	1481.18
36.80	105229.67	1495.62
36.90	106725.29	1510.08
37.00	108235.37	1524.56
37.10	109759.93	1539.07
37.20	111299.00	1553.60
37.30	112852.59	1568.15
37.40	114420.74	1582.73
37.50	116003.47	1597.33
37.60	117600.80	1611.95
37.70	119212.75	1626.60
37.80	120839.35	1641.27
37.90	122480.62	1655.96
38.00	124136.58	1670.68
38.10	125807.26	1685.42
38.20	127492.68	1700.19
38.30	129192.87	1714.98
38.40	130907.84	1729.79
38.50	132637.64	1744.63
38.60	134382.27	1759.49
38.70	136141.77	1774.38
38.80	137916.14	1789.29
38.90	139705.44	1804.23
39.00	141509.66	1819.19
39.10	143328.84	1834.17
39.20	145163.02	1849.18
39.30	147012.19	1864.21
39.40	148876.41	1879.27
39.50	150755.67	1894.35
39.60	152650.03	1909.46
39.70	154559.48	1924.59
39.80	156484.08	1939.75
39.90	158423.83	1954.93
40.00	160378.77	1970.14
40.10	162348.91	1985.37
40.20	164334.28	2000.63
40.30	166334.91	2015.92
40.40	168350.83	2031.23
40.50	170382.05	2046.56
40.60	172428.61	2061.92
40.70	174490.53	2077.31
40.80	176567.84	2092.72
40.90	178660.56	2108.15
41.00	180768.72	2123.62
41.10	182892.34	2139.11
41.20	185031.45	2154.62
41.30	187186.08	2170.16
41.40	189356.23	2185.73
41.50	191541.97	2201.32
41.60	193743.30	2216.94
41.70	195960.23	2232.59
41.80	198192.83	2248.26
41.90	200441.09	2263.96
42.00	202705.05	2279.68
42.10	204984.73	2295.44
42.20	207280.17	2311.22
42.30	209591.39	2327.02
42.40	211918.41	2342.85
42.50	214261.27	2358.71
42.60	216619.98	2374.60
42.70	218994.58	2390.51
42.80	221385.09	2406.45
42.90	223791.55	2422.42
43.00	226213.97	2438.41
43.10	228652.38	2454.44
43.20	231106.81	2470.48
43.30	233577.30	2486.56
43.40	236063.86	2502.67
43.50	238566.53	2518.80
43.60	241085.33	2534.96
43.70	243620.28	2551.15
43.80	246171.42	2567.36
43.90	248738.78	2583.60
44.00	251322.39	2599.87
44.10	253922.27	2616.17
44.20	256538.44	2632.50
44.30	259170.94	2648.86
44.40	261819.80	2665.24
44.50	264485.03	2681.65
44.60	267166.69	2698.09
44.70	269864.78	2714.56
44.80	272579.34	2731.06
44.90	275310.41	2747.58
45.00	278058.00	2764.14
45.10	280822.12	2780.72
45.20	283602.84	2797.33
45.30	286400.19	2813.97
45.40	289214.16	2830.64
45.50	292044.81	2847.34
45.60	294892.16	2864.07
45.70	297756.22	2880.83
45.80	300637.06	2897.61
45.90	303534.69	2914.43
46.00	306449.12	2931.28
46.10	309380.41	2948.15
46.20	312328.56	2965.05
46.30	315293.62	2981.99
46.40	318275.62	2998.95
46.50	321274.56	3015.94
46.60	324290.50	3032.97
46.70	327323.47	3050.02
46.80	330373.50	3067.10
46.90	333440.59	3084.21
47.00	336524.81	3101.36
47.10	339626.16	3118.53
47.20	342744.69	3135.73
47.30	345880.41	3152.97
47.40	349033.38	3170.23
47.50	352203.59	3187.52
47.60	355391.12	3204.85
47.70	358595.97	3222.20
47.80	361818.19	3239.59
47.90	365057.78	3257.01
48.00	368314.78	3274.45
48.10	371589.25	3291.93
48.20	374881.19	3309.44
48.30	378190.62	3326.98
48.40	381517.59	3344.55
48.50	384862.16	3362.16
48.60	388224.31	3379.79
48.70	391604.09	3397.46
48.80	395001.56	3415.15
48.90	398416.72	3432.88
49.00	401849.59	3450.64
49.10	405300.22	3468.43
49.20	408768.66	3486.25
49.30	412254.91	3504.11
49.40	415759.00	3521.99
49.50	419281.00	3539.91
49.60	422820.91	3557.86
49.70	426378.78	3575.84
49.80	429954.62	3593.86
49.90	433548.47	3611.91
50.00	437160.38	3629.98
50.10	440790.34	3648.09
50.20	444438.44	3666.24
50.30	448104.69	3684.41
50.40	451789.09	3702.62
50.50	455491.72	3720.86
50.60	459212.59	3739.14
50.70	462951.72	3757.44
50.80	466709.16	3775.78
50.90	470484.94	3794.15
51.00	474279.09	3812.56
51.10	478091.66	3831.00
51.20	481922.66	3849.47
51.30	485772.12	3867.97
51.40	489640.09	3886.51
51.50	493526.59	3905.08
51.60	497431.66	3923.68
51.70	501355.34	3942.32
51.80	505297.66	3960.99
51.90	509258.66	3979.69
52.00	513238.34	3998.43
52.10	517236.78	4017.20
52.20	521254.00	4036.01
52.30	525290.00	4054.85
52.40	529344.88	4073.72
52.50	533418.62	4092.63
52.60	537511.25	4111.57
52.70	541622.81	4130.55
52.80	545753.38	4149.56
52.90	549902.94	4168.60
53.00	554071.56	4187.68
53.10	558259.25	4206.79
53.20	562466.06	4225.94
53.30	566692.00	4245.12
53.40	570937.12	4264.34
53.50	575201.44	4283.59
53.60	579485.00	4302.88
53.70	583787.88	4322.20
53.80	588110.06	4341.55
53.90	592451.62	4360.94
54.00	596812.56	4380.37
54.10	601192.94	4399.83
54.20	605592.75	4419.33
54.30	610012.06	4438.86
54.40	614450.94	4458.43
54.50	618909.38	4478.03
54.60	623387.38	4497.67
54.70	627885.06	4517.34
54.80	632402.38	4537.05
54.90	636939.44	4556.80
55.00	641496.25	4576.58
55.10	646072.81	4596.39
55.20	650669.19	4616.25
55.30	655285.44	4636.13
55.40	659921.56	4656.06
55.50	664577.62	4676.02
55.60	669253.62	4696.02
55.70	673949.62	4716.05
55.80	678665.69	4736.12
55.90	683401.81	4756.23
56.00	688158.06	4776.37
56.10	692934.44	4796.55
56.20	697731.00	4816.76
56.30	702547.75	4837.02
56.40	707384.75	4857.31
56.50	712242.06	4877.63
56.60	717119.69	4897.99
56.70	722017.69	4918.39
56.80	726936.06	4938.83
56.90	731874.88	4959.31
57.00	736834.19	4979.82
57.10	741814.00	5000.37
57.20	746814.38	5020.95
57.30	751835.31	5041.58
57.40	756876.88	5062.24
57.50	761939.12	5082.94
57.60	767022.06	5103.67
57.70	772125.75	5124.45
57.80	777250.19	5145.26
57.90	782395.44	5166.11
58.00	787561.56	5186.99
58.10	792748.56	5207.92
58.20	797956.50	5228.88
58.30	803185.38	5249.88
58.40	808435.25	5270.92
58.50	813706.19	5292.00
58.60	818998.19	5313.12
58.70	824311.31	5334.27
58.80	829645.56	5355.47
58.90	835001.00	5376.70
59.00	840377.69	5397.97
59.10	845775.69	5419.28
59.20	851194.94	5440.63
59.30	856635.56	5462.01
59.40	862097.56	5483.44
59.50	867581.00	5504.90
59.60	873085.88	5526.41
59.70	878612.31	5547.95
59.80	884160.25	5569.53
59.90	889729.81	5591.16
60.00	895320.94	5612.82
60.10	900933.75	5634.52
60.20	906568.25	5656.26
60.30	912224.50	5678.04
60.40	917902.56	5699.85
60.50	923602.44	5721.71
60.60	929324.12	5743.61
60.70	935067.75	5765.55
60.80	940833.31	5787.53
60.90	946620.81	5809.54
61.00	952430.38	5831.60
61.10	958262.00	5853.70
61.20	964115.69	5875.84
61.30	969991.50	5898.02
61.40	975889.50	5920.24
61.50	981809.75	5942.50
61.60	987752.25	5964.80
61.70	993717.06	5987.14
61.80	999704.19	6009.52
61.90	1005713.69	6031.94
62.00	1011745.62	6054.40
62.10	1017800.00	6076.90
62.20	1023876.88	6099.45
62.30	1029976.31	6122.03
62.40	1036098.38	6144.66
62.50	1042243.06	6167.33
62.60	1048410.38	6190.04
62.70	1054600.38	6212.79
62.80	1060813.12	6235.58
62.90	1067048.75	6258.41
63.00	1073307.12	6281.28
63.10	1079588.38	6304.20
63.20	1085892.62	6327.16
63.30	1092219.75	6350.16
63.40	1098569.88	6373.20
63.50	1104943.12	6396.28
63.60	1111339.38	6419.40
63.70	1117758.75	6442.57
63.80	1124201.38	6465.78
63.90	1130667.12	6489.03
64.00	1137156.12	6512.32
64.10	1143668.50	6535.66
64.20	1150204.12	6559.03
64.30	1156763.12	6582.45
64.40	1163345.62	6605.91
64.50	1169951.50	6629.42
64.60	1176580.88	6652.97
64.70	1183233.88	6676.56
64.80	1189910.38	6700.19
64.90	1196610.62	6723.86
65.00	1203334.50	6747.58
65.10	1210082.12	6771.34
65.20	1216853.50	6795.15
65.30	1223648.62	6818.99
65.40	1230467.62	6842.89
65.50	1237310.50	6866.82
65.60	1244177.38	6890.80
65.70	1251068.12	6914.82
65.80	1257983.00	6938.88
65.90	1264921.88	6962.99
66.00	1271884.88	6987.14
66.10	1278872.00	7011.33
66.20	1285883.38	7035.57
66.30	1292919.00	7059.86
66.40	1299978.88	7084.18
66.50	1307063.00	7108.55
66.60	1314171.50	7132.97
66.70	1321304.50	7157.43
66.80	1328461.88	7181.93
66.90	1335643.75	7206.48
67.00	1342850.25	7231.07
67.10	1350081.38	7255.70
67.20	1357337.12	7280.38
67.30	1364617.50	7305.11
67.40	1371922.62	7329.88
67.50	1379252.50	7354.69
67.60	1386607.25	7379.55
67.70	1393986.75	7404.46
67.80	1401391.25	7429.40
67.90	1408820.62	7454.40
68.00	1416275.00	7479.44
68.10	1423754.38	7504.52
68.20	1431258.88	7529.65
68.30	1438788.50	7554.82
68.40	1446343.38	7580.04
68.50	1453923.38	7605.31
68.60	1461528.62	7630.62
68.70	1469159.25	7655.98
68.80	1476815.25	7681.38
68.90	1484496.62	7706.83
69.00	1492203.50	7732.32
69.10	1499935.88	7757.86
69.20	1507693.75	7783.44
69.30	1515477.25	7809.08
69.40	1523286.38	7834.75
69.50	1531121.12	7860.48
69.60	1538981.62	7886.25
69.70	1546867.88	7912.06
69.80	1554780.00	7937.93
69.90	1562717.88	7963.84
70.00	1570681.75	7989.79
70.10	1578671.50	8015.79
70.20	1586687.25	8041.84
70.30	1594729.12	8067.94
70.40	1602797.12	8094.08
70.50	1610891.25	8120.27
70.60	1619011.50	8146.51
70.70	1627158.00	8172.79
70.80	1635330.75	8199.12
70.90	1643529.88	8225.50
71.00	1651755.38	8251.92
71.10	1660007.25	8278.40
71.20	1668285.62	8304.92
71.30	1676590.50	8331.48
71.40	1684922.00	8358.10
71.50	1693280.12	8384.76
71.60	1701664.88	8411.47
71.70	1710076.38	8438.23
71.80	1718514.62	8465.03
71.90	1726979.62	8491.89
72.00	1735471.50	8518.79
72.10	1743990.25	8545.74
72.20	1752536.00	8572.74
72.30	1761108.75	8599.79
72.40	1769708.50	8626.88
72.50	1778335.38	8654.02
72.60	1786989.38	8681.22
72.70	1795670.62	8708.46
72.80	1804379.12	8735.75
72.90	1813114.88	8763.08
73.00	1821878.00	8790.47
73.10	1830668.50	8817.91
73.20	1839486.38	8845.39
73.30	1848331.75	8872.92
73.40	1857204.62	8900.51
73.50	1866105.12	8928.14
73.60	1875033.25	8955.82
73.70	1883989.12	8983.55
73.80	1892972.62	9011.33
73.90	1901984.00	9039.16
74.00	1911023.12	9067.04
74.10	1920090.12	9094.97
74.20	1929185.12	9122.95
74.30	1938308.12	9150.97
74.40	1947459.12	9179.05
74.50	1956638.12	9207.18
74.60	1965845.25	9235.36
74.70	1975080.62	9263.59
74.80	1984344.25	9291.86
74.90	1993636.12	9320.19
75.00	2002956.38	9348.57
75.10	2012305.00	9377.00
75.20	2021682.00	9405.48
75.30	2031087.50	9434.01
75.40	2040521.50	9462.59
75.50	2049984.12	9491.23
75.60	2059475.38	9519.91
75.70	2068995.25	9548.64
75.80	2078543.88	9577.43
75.90	2088121.25	9606.27
76.00	2097727.50	9635.15
76.10	2107362.75	9664.09
76.20	2117026.75	9693.08
76.30	2126719.75	9722.12
76.40	2136441.75	9751.22
76.50	2146193.00	9780.36
76.60	2155973.25	9809.56
76.70	2165782.75	9838.80
76.80	2175621.50	9868.10
76.90	2185489.50	9897.46
77.00	2195387.00	9926.86
77.10	2205313.75	9956.32
77.20	2215270.00	9985.82
77.30	2225255.75	10015.38
77.40	2235271.25	10045.00
77.50	2245316.25	10074.66
77.60	2255391.00	10104.38
77.70	2265495.50	10134.15
77.80	2275629.75	10163.97
77.90	2285793.75	10193.85
78.00	2295987.50	10223.78
78.10	2306211.25	10253.76
78.20	2316465.00	10283.79
78.30	2326748.75	10313.88
78.40	2337062.75	10344.02
78.50	2347406.75	10374.21
78.60	2357781.00	10404.46
78.70	2368185.50	10434.76
78.80	2378620.25	10465.11
78.90	2389085.25	10495.52
79.00	2399580.75	10525.98
79.10	2410106.75	10556.50
79.20	2420663.25	10587.07
79.30	2431250.25	10617.69
79.40	2441868.00	10648.37
79.50	2452516.25	10679.10
79.60	2463195.25	10709.89
79.70	2473905.25	10740.73
79.80	2484646.00	10771.62
79.90	2495417.50	10802.57
80.00	2506220.00	10833.57
80.10	2517053.50	10864.63
80.20	2527918.25	10895.74
80.30	2538814.00	10926.91
80.40	2549741.00	10958.13
80.50	2560699.25	10989.41
80.60	2571688.75	11020.74
80.70	2582709.50	11052.13
80.80	2593761.75	11083.57
80.90	2604845.25	11115.07
81.00	2615960.25	11146.63
81.10	2627107.00	11178.24
81.20	2638285.25	11209.90
81.30	2649495.25	11241.62
81.40	2660736.75	11273.40
81.50	2672010.25	11305.23
81.60	2683315.50	11337.12
81.70	2694652.50	11369.07
81.80	2706021.50	11401.07
81.90	2717422.50	11433.12
82.00	2728855.50	11465.24
82.10	2740320.75	11497.41
82.20	2751818.25	11529.64
82.30	2763348.00	11561.92
82.40	2774910.00	11594.26
82.50	2786504.25	11626.66
82.60	2798131.00	11659.11
82.70	2809790.00	11691.63
82.80	2821481.75	11724.20
82.90	2833206.00	11756.82
83.00	2844962.75	11789.50
83.10	2856752.25	11822.25
83.20	2868574.50	11855.04
83.30	2880429.50	11887.90
83.40	2892317.50	11920.82
83.50	2904238.25	11953.79
83.60	2916192.00	11986.82
83.70	2928178.75	12019.91
83.80	2940198.75	12053.05
83.90	2952251.75	12086.26
84.00	2964338.00	12119.52
84.10	2976457.50	12152.84
84.20	2988610.25	12186.22
84.30	3000796.50	12219.66
84.40	3013016.25	12253.16
84.50	3025269.50	12286.71
84.60	3037556.25	12320.33
84.70	3049876.50	12354.00
84.80	3062230.50	12387.74
84.90	3074618.25	12421.53
85.00	3087039.75	12455.38
85.10	3099495.25	12489.29
85.20	3111984.50	12523.26
85.30	3124507.75	12557.30
85.40	3137065.00	12591.39
85.50	3149656.50	12625.54
85.60	3162282.00	12659.75
85.70	3174941.75	12694.02
85.80	3187635.75	12728.35
85.90	3200364.00	12762.74
86.00	3213126.75	12797.19
86.10	3225924.00	12831.71
86.20	3238755.75	12866.28
86.30	3251622.00	12900.91
86.40	3264523.00	12935.61
86.50	3277458.50	12970.37
86.60	3290428.75	13005.18
86.70	3303434.00	13040.06
86.80	3316474.00	13075.00
86.90	3329549.00	13110.00
87.00	3342659.00	13145.06
87.10	3355804.00	13180.19
87.20	3368984.25	13215.37
87.30	3382199.50	13250.62
87.40	3395450.00	13285.93
87.50	3408736.00	13321.30
87.60	3422057.25	13356.74
87.70	3435414.00	13392.24
87.80	3448806.25	13427.80
87.90	3462234.00	13463.42
88.00	3475697.50	13499.10
88.10	3489196.50	13534.85
88.20	3502731.25	13570.66
88.30	3516302.00	13606.53
88.40	3529908.50	13642.47
88.50	3543551.00	13678.47
88.60	3557229.50	13714.53
88.70	3570944.00	13750.66
88.80	3584694.75	13786.85
88.90	3598481.50	13823.10
89.00	3612304.50	13859.42
89.10	3626164.00	13895.80
89.20	3640059.75	13932.25
89.30	3653992.00	13968.76
89.40	3667960.75	14005.34
89.50	3681966.00	14041.98
89.60	3696008.00	14078.68
89.70	3710086.75	14115.45
89.80	3724202.25	14152.28
89.90	3738354.50	14189.18
90.00	3752543.75	14226.15
90.10	3766770.00	14263.17
90.20	3781033.25	14300.27
90.30	3795333.50	14337.43
90.40	3809671.00	14374.66
90.50	3824045.75	14411.95
90.60	3838457.75	14449.30
90.70	3852907.00	14486.73
90.80	3867393.75	14524.22
90.90	3881918.00	14561.77
91.00	3896479.75	14599.40
91.10	3911079.25	14637.08
91.20	3925716.25	14674.84
91.30	3940391.00	14712.66
91.40	3955103.75	14750.55
91.50	3969854.25	14788.51
91.60	3984642.75	14826.53
91.70	3999469.25	14864.62
91.80	4014333.75	14902.78
91.90	4029236.50	14941.01
92.00	4044177.50	14979.30
92.10	4059156.75	15017.66
92.20	4074174.50	15056.09
92.30	4089230.50	15094.59
92.40	4104325.00	15133.16
92.50	4119458.25	15171.79
92.60	4134630.00	15210.50
92.70	4149840.50	15249.27
92.80	4165089.75	15288.11
92.90	4180377.75	15327.02
93.00	4195705.00	15366.00
93.10	4211071.00	15405.05
93.20	4226476.00	15444.17
93.30	4241920.00	15483.35
93.40	4257403.50	15522.61
93.50	4272926.00	15561.94
93.60	4288488.00	15601.34
93.70	4304089.50	15640.80
93.80	4319730.50	15680.34
93.90	4335411.00	15719.95
94.00	4351131.00	15759.63
94.10	4366890.50	15799.38
94.20	4382690.00	15839.20
94.30	4398529.00	15879.09
94.40	4414408.00	15919.05
94.50	4430327.00	15959.09
94.60	4446286.00	15999.20
94.70	4462285.00	16039.37
94.80	4478324.50	16079.62
94.90	4494404.00	16119.95
95.00	4510524.00	16160.34
95.10	4526684.50	16200.81
95.20	4542885.50	16241.35
95.30	4559127.00	16281.96
95.40	4575409.00	16322.64
95.50	4591731.50	16363.40
95.60	4608095.00	16404.23
95.70	4624499.00	16445.13
95.80	4640944.00	16486.11
95.90	4657430.00	16527.16
96.00	4673957.00	16568.29
96.10	4690525.50	16609.48
96.20	4707135.00	16650.76
96.30	4723786.00	16692.11
96.40	4740478.00	16733.53
96.50	4757211.50	16775.02
96.60	4773986.50	16816.59
96.70	4790803.00	16858.24
96.80	4807661.00	16899.96
96.90	4824561.00	16941.76
97.00	4841503.00	16983.63
97.10	4858486.50	17025.58
97.20	4875512.00	17067.60
97.30	4892579.50	17109.70
97.40	4909689.00	17151.88
97.50	4926841.00	17194.13
97.60	4944035.00	17236.46
97.70	4961271.50	17278.86
97.80	4978550.50	17321.34
97.90	4995872.00	17363.90
98.00	5013236.00	17406.54
98.10	5030642.50	17449.25
98.20	5048092.00	17492.04
98.30	5065584.00	17534.91
98.40	5083119.00	17577.86
98.50	5100697.00	17620.88
98.60	5118318.00	17663.99
98.70	5135982.00	17707.17
98.80	5153689.00	17750.43
98.90	5171439.50	17793.77
99.00	5189233.50	17837.19
99.10	5207070.50	17880.68
99.20	5224951.00	17924.26
99.30	5242875.50	17967.92
99.40	5260843.50	18011.65
99.50	5278855.00	18055.47
99.60	5296910.50	18099.37
99.70	5315010.00	18143.35
99.80	5333153.50	18187.40
99.90	5351341.00	18231.54
100.00	5369572.50	18275.76
100.10	5387848.50	18320.06
100.20	5406168.50	18364.45
100.30	5424533.00	18408.91
100.40	5442942.00	18453.46
100.50	5461395.50	18498.09
100.60	5479893.50	18542.80
100.70	5498436.50	18587.59
100.80	5517024.00	18632.47
100.90	5535656.50	18677.43
101.00	5554334.00	18722.47
101.10	5573056.50	18767.60
101.20	5591824.00	18812.80
101.30	5610637.00	18858.10
101.40	5629495.00	18903.47
101.50	5648398.50	18948.94
101.60	5667347.50	18994.48
101.70	5686342.00	19040.11
101.80	5705382.00	19085.83
101.90	5724468.00	19131.63
102.00	5743599.50	19177.51
102.10	5762777.00	19223.48
102.20	5782000.50	19269.54
102.30	5801270.00	19315.68
102.40	5820585.50	19361.91
102.50	5839947.50	19408.22
102.60	5859355.50	19454.63
102.70	5878810.00	19501.12
102.80	5898311.00	19547.69
102.90	5917858.50	19594.35
103.00	5937453.00	19641.10
103.10	5957094.00	19687.94
103.20	5976782.00	19734.87
103.30	5996517.00	19781.88
103.40	6016299.00	19828.98
103.50	6036128.00	19876.18
103.60	6056004.00	19923.46
103.70	6075927.50	19970.83
103.80	6095898.50	20018.29
103.90	6115917.00	20065.83
104.00	6135983.00	20113.47
104.10	6156096.50	20161.20
104.20	6176257.50	20209.02
104.30	6196466.50	20256.93
104.40	6216723.50	20304.93
104.50	6237028.50	20353.03
104.60	6257381.50	20401.21
104.70	6277782.50	20449.48
104.80	6298232.00	20497.85
104.90	6318730.00	20546.31
105.00	6339276.50	20594.86
105.10	6359871.50	20643.51
105.20	6380515.00	20692.25
105.30	6401207.00	20741.08
105.40	6421948.00	20790.00
105.50	6442738.00	20839.02
105.60	6463577.00	20888.13
105.70	6484465.00	20937.34
105.80	6505402.50	20986.64
105.90	6526389.00	21036.04
106.00	6547425.00	21085.53
106.10	6568510.50	21135.11
106.20	6589645.50	21184.79
106.30	6610830.50	21234.57
106.40	6632065.00	21284.45
106.50	6653349.50	21334.42
106.60	6674684.00	21384.49
106.70	6696068.50	21434.65
106.80	6717503.00	21484.92
106.90	6738988.00	21535.28
107.00	6760523.50	21585.73
107.10	6782109.00	21636.29
107.20	6803745.50	21686.95
107.30	6825432.50	21737.70
107.40	6847170.00	21788.55
107.50	6868958.50	21839.51
107.60	6890798.00	21890.56
107.70	6912688.50	21941.71
107.80	6934630.00	21992.96
107.90	6956623.00	22044.32
108.00	6978667.50	22095.77
108.10	7000763.50	22147.32
108.20	7022911.00	22198.98
108.30	7045110.00	22250.74
108.40	7067360.50	22302.60
108.50	7089663.00	22354.56
108.60	7112017.50	22406.63
108.70	7134424.00	22458.80
108.80	7156883.00	22511.07
108.90	7179394.00	22563.45
109.00	7201957.50	22615.93
109.10	7224573.50	22668.52
109.20	7247242.00	22721.21
109.30	7269963.00	22774.00
109.40	7292737.00	22826.90
109.50	7315564.00	22879.91
109.60	7338444.00	22933.02
109.70	7361377.00	22986.24
109.80	7384363.00	23039.56
109.90	7407402.50	23092.99
110.00	7430495.50	23146.53
110.10	7453642.00	23200.18
110.20	7476842.00	23253.94
110.30	7500096.00	23307.80
110.40	7523404.00	23361.77
110.50	7546766.00	23415.86
110.60	7570182.00	23470.05
110.70	7593652.00	23524.35
110.80	7617176.50	23578.76
110.90	7640755.50	23633.28
111.00	7664389.00	23687.91
111.10	7688077.00	23742.66
111.20	7711819.50	23797.51
111.30	7735617.00	23852.48
111.40	7759469.50	23907.56
111.50	7783377.00	23962.76
111.60	7807340.00	24018.06
111.70	7831358.00	24073.48
111.80	7855431.50	24129.02
111.90	7879560.50	24184.67
112.00	7903745.00	24240.43
112.10	7927985.50	24296.31
112.20	7952282.00	24352.30
112.30	7976634.50	24408.41
112.40	8001043.00	24464.64
112.50	8025507.50	24520.98
112.60	8050028.50	24577.44
112.70	8074606.00	24634.02
112.80	8099240.00	24690.72
112.90	8123930.50	24747.53
113.00	8148678.00	24804.46
113.10	8173482.50	24861.51
113.20	8198344.00	24918.69
113.30	8223262.50	24975.98
113.40	8248238.50	25033.39
113.50	8273272.00	25090.92
113.60	8298363.00	25148.57
113.70	8323511.50	25206.35
113.80	8348718.00	25264.25
113.90	8373982.00	25322.27
114.00	8399304.00	25380.41
114.10	8424684.00	25438.67
114.20	8450123.00	25497.06
114.30	8475620.00	25555.58
114.40	8501176.00	25614.21
114.50	8526790.00	25672.98
114.60	8552463.00	25731.87
114.70	8578195.00	25790.88
114.80	8603986.00	25850.03
114.90	8629836.00	25909.29
115.00	8655745.00	25968.69
115.10	8681714.00	26028.21
115.20	8707742.00	26087.87
115.30	8733830.00	26147.65
115.40	8759978.00	26207.56
115.50	8786186.00	26267.60
115.60	8812454.00	26327.77
115.70	8838782.00	26388.07
115.80	8865170.00	26448.50
115.90	8891619.00	26509.07
116.00	8918128.00	26569.77
116.10	8944698.00	26630.60
116.20	8971329.00	26691.56
116.30	8998021.00	26752.65
116.40	9024774.00	26813.88
116.50	9051588.00	26875.25
116.60	9078463.00	26936.75
116.70	9105400.00	26998.39
116.80	9132398.00	27060.16
116.90	9159458.00	27122.07
117.00	9186580.00	27184.11
117.10	9213764.00	27246.30
117.20	9241010.00	27308.62
117.30	9268319.00	27371.08
117.40	9295690.00	27433.68
117.50	9323124.00	27496.42
117.60	9350620.00	27559.30
117.70	9378179.00	27622.33
117.80	9405801.00	27685.49
117.90	9433486.00	27748.80
118.00	9461235.00	27812.25
118.10	9489047.00	27875.84
118.20	9516923.00	27939.57
118.30	9544863.00	28003.46
118.40	9572866.00	28067.48
118.50	9600933.00	28131.65
118.60	9629065.00	28195.97
118.70	9657261.00	28260.44
118.80	9685521.00	28325.05
118.90	9713846.00	28389.81
119.00	9742236.00	28454.71
119.10	9770691.00	28519.77
119.20	9799211.00	28584.98
119.30	9827796.00	28650.34
119.40	9856446.00	28715.85
119.50	9885162.00	28781.51
119.60	9913944.00	28847.32
119.70	9942791.00	28913.29
119.80	9971704.00	28979.40
119.90	10000683.00	29045.68
120.00	10029729.00	29112.11
120.10	10058841.00	29178.69
120.20	10088020.00	29245.43
120.30	10117265.00	29312.33
120.40	10146577.00	29379.38
120.50	10175956.00	29446.59
120.60	10205403.00	29513.96
120.70	10234917.00	29581.49
120.80	10264498.00	29649.18
120.90	10294147.00	29717.03
121.00	10323864.00	29785.04
121.10	10353649.00	29853.22
121.20	10383502.00	29921.55
121.30	10413424.00	29990.05
121.40	10443414.00	30058.72
121.50	10473473.00	30127.55
121.60	10503601.00	30196.54
121.70	10533798.00	30265.71
121.80	10564064.00	30335.04
121.90	10594399.00	30404.53
122.00	10624804.00	30474.20
122.10	10655278.00	30544.03
122.20	10685822.00	30614.04
122.30	10716436.00	30684.21
122.40	10747120.00	30754.56
122.50	10777875.00	30825.08
122.60	10808700.00	30895.77
122.70	10839596.00	30966.64
122.80	10870563.00	31037.68
122.90	10901601.00	31108.90
123.00	10932710.00	31180.29
123.10	10963890.00	31251.86
123.20	10995142.00	31323.61
123.30	11026466.00	31395.53
123.40	11057862.00	31467.64
123.50	11089330.00	31539.92
123.60	11120870.00	31612.39
123.70	11152482.00	31685.04
123.80	11184167.00	31757.87
123.90	11215925.00	31830.89
124.00	11247756.00	31904.09
124.10	11279660.00	31977.47
124.20	11311637.00	32051.04
124.30	11343688.00	32124.80
124.40	11375813.00	32198.74
124.50	11408012.00	32272.88
124.60	11440285.00	32347.20
124.70	11472632.00	32421.72
124.80	11505054.00	32496.43
124.90	11537550.00	32571.32
125.00	11570121.00	32646.42
125.10	11602767.00	32721.70
125.20	11635489.00	32797.18
125.30	11668286.00	32872.86
125.40	11701159.00	32948.74
125.50	11734108.00	33024.81
125.60	11767133.00	33101.09
125.70	11800234.00	33177.56
125.80	11833412.00	33254.23
125.90	11866666.00	33331.11
126.00	11899997.00	33408.18
126.10	11933405.00	33485.46
126.20	11966890.00	33562.95
126.30	12000453.00	33640.64
126.40	12034094.00	33718.54
126.50	12067813.00	33796.65
126.60	12101610.00	33874.97
126.70	12135485.00	33953.50
126.80	12169438.00	34032.23
126.90	12203470.00	34111.18
127.00	12237581.00	34190.35
127.10	12271771.00	34269.73
127.20	12306041.00	34349.32
127.30	12340390.00	34429.13
127.40	12374819.00	34509.16
127.50	12409328.00	34589.40
127.60	12443917.00	34669.87
127.70	12478587.00	34750.55
127.80	12513338.00	34831.46
127.90	12548169.00	34912.60
128.00	12583082.00	34993.95
128.10	12618076.00	35075.54
128.20	12653152.00	35157.34
128.30	12688309.00	35239.38
128.40	12723548.00	35321.65
128.50	12758870.00	35404.14
128.60	12794274.00	35486.87
128.70	12829761.00	35569.83
128.80	12865331.00	35653.03
128.90	12900984.00	35736.46
129.00	12936720.00	35820.12
129.10	12972540.00	35904.03
129.20	13008444.00	35988.18
129.30	13044432.00	36072.56
129.40	13080505.00	36157.19
129.50	13116662.00	36242.06
129.60	13152904.00	36327.17
129.70	13189231.00	36412.53
129.80	13225644.00	36498.14
129.90	13262142.00	36583.99
130.00	13298726.00	36670.10
130.10	13335396.00	36756.45
130.20	13372152.00	36843.06
130.30	13408995.00	36929.93
130.40	13445925.00	37017.04
130.50	13482942.00	37104.42
130.60	13520046.00	37192.05
130.70	13557238.00	37279.95
130.80	13594518.00	37368.10
130.90	13631886.00	37456.52
131.00	13669343.00	37545.20
131.10	13706888.00	37634.15
131.20	13744522.00	37723.36
131.30	13782245.00	37812.85
131.40	13820058.00	37902.60
131.50	13857961.00	37992.63
131.60	13895954.00	38082.93
131.70	13934037.00	38173.50
131.80	13972211.00	38264.36
131.90	14010475.00	38355.48
132.00	14048830.00	38446.89
132.10	14087277.00	38538.59
132.20	14125816.00	38630.56
132.30	14164447.00	38722.82
132.40	14203170.00	38815.36
132.50	14241985.00	38908.20
132.60	14280893.00	39001.32
132.70	14319894.00	39094.73
132.80	14358989.00	39188.45
132.90	14398177.00	39282.45
133.00	14437459.00	39376.75
133.10	14476836.00	39471.35
133.20	14516307.00	39566.25
133.30	14555873.00	39661.46
133.40	14595534.00	39756.96
133.50	14635291.00	39852.78
133.60	14675144.00	39948.91
133.70	14715093.00	40045.34
133.80	14755138.00	40142.09
133.90	14795280.00	40239.14
134.00	14835519.00	40336.52
134.10	14875856.00	40434.21
134.20	14916290.00	40532.23
134.30	14956822.00	40630.57
134.40	14997453.00	40729.23
134.50	15038182.00	40828.21
134.60	15079010.00	40927.53
134.70	15119938.00	41027.18
134.80	15160965.00	41127.15
134.90	15202092.00	41227.46
135.00	15243319.00	41328.11
135.10	15284647.00	41429.10
135.20	15326076.00	41530.43
135.30	15367606.00	41632.10
135.40	15409238.00	41734.12
135.50	15450972.00	41836.49
135.60	15492808.00	41939.21
135.70	15534747.00	42042.28
135.80	15576789.00	42145.70
135.90	15618935.00	42249.48
136.00	15661184.00	42353.62
136.10	15703538.00	42458.13
136.20	15745996.00	42563.00
136.30	15788559.00	42668.24
136.40	15831227.00	42773.84
136.50	15874001.00	42879.82
136.60	15916881.00	42986.18
136.70	15959867.00	43092.91
136.80	16002960.00	43200.02
136.90	16046160.00	43307.51
137.00	16089468.00	43415.39
137.10	16132883.00	43523.66
137.20	16176407.00	43632.31
137.30	16220039.00	43741.36
137.40	16263780.00	43850.81
137.50	16307631.00	43960.66
137.60	16351592.00	44070.91
137.70	16395663.00	44181.56
137.80	16439845.00	44292.62
137.90	16484138.00	44404.10
138.00	16528542.00	44515.98
138.10	16573058.00	44628.29
138.20	16617686.00	44741.01
138.30	16662427.00	44854.15
138.40	16707281.00	44967.72
138.50	16752249.00	45081.72
138.60	16797330.00	45196.16
138.70	16842526.00	45311.02
138.80	16887838.00	45426.33
138.90	16933264.00	45542.08
139.00	16978806.00	45658.27
139.10	17024464.00	45774.91
139.20	17070238.00	45892.01
139.30	17116130.00	46009.56
139.40	17162140.00	46127.57
139.50	17208268.00	46246.04
139.60	17254514.00	46364.98
139.70	17300878.00	46484.38
139.80	17347362.00	46604.26
139.90	17393966.00	46724.62
140.00	17440690.00	46845.46
140.10	17487536.00	46966.78
140.20	17534502.00	47088.59
140.30	17581590.00	47210.90
140.40	17628800.00	47333.70
140.50	17676134.00	47457.00
140.60	17723592.00	47580.80
140.70	17771172.00	47705.12
140.80	17818878.00	47829.94
140.90	17866708.00	47955.28
141.00	17914664.00	48081.14
141.10	17962746.00	48207.53
141.20	18010954.00	48334.45
141.30	18059288.00	48461.89
141.40	18107750.00	48589.88
141.50	18156340.00	48718.41
141.60	18205058.00	48847.49
141.70	18253906.00	48977.12
141.80	18302884.00	49107.30
141.90	18351992.00	49238.05
142.00	18401230.00	49369.36
142.10	18450600.00	49501.25
142.20	18500102.00	49633.70
142.30	18549736.00	49766.74
142.40	18599502.00	49900.37
142.50	18649402.00	50034.58
142.60	18699436.00	50169.39
142.70	18749606.00	50304.81
142.80	18799910.00	50440.83
142.90	18850350.00	50577.46
143.00	18900928.00	50714.70
143.10	18951642.00	50852.57
143.20	19002494.00	50991.07
143.30	19053486.00	51130.21
143.40	19104616.00	51269.98
143.50	19155886.00	51410.40
143.60	19207296.00	51551.47
143.70	19258848.00	51693.20
143.80	19310542.00	51835.59
143.90	19362378.00	51978.65
144.00	19414356.00	52122.39
144.10	19466478.00	52266.80
144.20	19518744.00	52411.91
144.30	19571156.00	52557.72
144.40	19623714.00	52704.22
144.50	19676418.00	52851.44
144.60	19729270.00	52999.37
144.70	19782270.00	53148.02
144.80	19835418.00	53297.40
144.90	19888716.00	53447.52
145.00	19942164.00	53598.38
145.10	19995762.00	53749.99
145.20	20049512.00	53902.36
145.30	20103414.00	54055.50
145.40	20157470.00	54209.41
145.50	20211680.00	54364.10
145.60	20266044.00	54519.58
145.70	20320564.00	54675.86
145.80	20375240.00	54832.94
145.90	20430072.00	54990.84
146.00	20485062.00	55149.55
146.10	20540212.00	55309.11
146.20	20595522.00	55469.49
146.30	20650992.00	55630.73
146.40	20706622.00	55792.82
146.50	20762414.00	55955.79
146.60	20818370.00	56119.62
146.70	20874490.00	56284.34
146.80	20930774.00	56449.95
146.90	20987224.00	56616.47
147.00	21043840.00	56783.90
147.10	21100624.00	56952.25
147.20	21157576.00	57121.54
147.30	21214698.00	57291.78
147.40	21271990.00	57462.96
147.50	21329452.00	57635.12
147.60	21387088.00	57808.25
147.70	21444896.00	57982.36
147.80	21502878.00	58157.48
147.90	21561036.00	58333.60
148.00	21619370.00	58510.75
148.10	21677880.00	58688.93
148.20	21736568.00	58868.15
148.30	21795436.00	59048.43
148.40	21854484.00	59229.78
148.50	21913714.00	59412.21
148.60	21973126.00	59595.75
148.70	22032722.00	59780.39
148.80	22092502.00	59966.15
148.90	22152468.00	60153.05
149.00	22212622.00	60341.09
149.10	22272964.00	60530.30
149.20	22333494.00	60720.69
149.30	22394214.00	60912.27
149.40	22455126.00	61105.06
149.50	22516232.00	61299.07
149.60	22577532.00	61494.32
149.70	22639026.00	61690.83
149.80	22700716.00	61888.61
149.90	22762604.00	62087.67
150.00	22824692.00	62288.04
150.10	22886980.00	62489.72
150.20	22949470.00	62692.75
150.30	23012162.00	62897.13
150.40	23075060.00	63102.88
150.50	23138162.00	63310.03
150.60	23201472.00	63518.59
150.70	23264990.00	63728.58
150.80	23328718.00	63940.02
150.90	23392658.00	64152.93
151.00	23456810.00	64367.33
151.10	23521178.00	64583.25
151.20	23585762.00	64800.69
151.30	23650562.00	65019.70
151.40	23715582.00	65240.27
151.50	23780822.00	65462.45
151.60	23846284.00	65686.26
151.70	23911970.00	65911.71
151.80	23977882.00	66138.84
151.90	24044020.00	66367.66
152.00	24110388.00	66598.20
152.10	24176986.00	66830.48
152.20	24243816.00	67064.55
152.30	24310880.00	67300.41
152.40	24378180.00	67538.11
152.50	24445718.00	67777.66
152.60	24513496.00	68019.10
152.70	24581516.00	68262.46
152.80	24649778.00	68507.77
152.90	24718286.00	68755.05
153.00	24787042.00	69004.34
153.10	24856046.00	69255.67
153.20	24925302.00	69509.09
153.30	24994812.00	69764.61
153.40	25064576.00	70022.28
153.50	25134598.00	70282.14
153.60	25204880.00	70544.22
153.70	25275424.00	70808.55
153.80	25346232.00	71075.19
153.90	25417308.00	71344.16
154.00	25488652.00	71615.52
154.00	25488652.00	71615.52
