0.10	0.02	6.94
0.20	6.96	13.66
0.30	20.63	19.75
0.40	40.37	24.88
0.50	65.25	28.96
0.60	94.21	32.03
0.70	126.24	34.25
0.80	160.49	35.81
0.90	196.30	36.89
1.00	233.19	37.64
1.10	270.83	38.17
1.20	309.00	38.55
1.30	347.54	38.83
1.40	386.37	39.05
1.50	425.42	39.22
1.60	464.64	39.38
1.70	504.02	39.51
1.80	543.53	39.63
1.90	583.16	39.75
2.00	622.91	39.87
2.10	662.78	39.98
2.20	702.76	40.09
2.30	742.85	40.20
2.40	783.05	40.31
2.50	823.36	40.42
2.60	863.78	40.53
2.70	904.30	40.64
2.80	944.94	40.75
2.90	985.69	40.86
3.00	1026.56	40.97
3.10	1067.53	41.09
3.20	1108.62	41.20
3.30	1149.82	41.31
3.40	1191.13	41.43
3.50	1232.56	41.54
3.60	1274.10	41.66
3.70	1315.77	41.78
3.80	1357.54	41.89
3.90	1399.44	42.01
4.00	1441.45	42.13
4.10	1483.58	42.25
4.20	1525.83	42.37
4.30	1568.21	42.49
4.40	1610.70	42.62
4.50	1653.32	42.74
4.60	1696.05	42.86
4.70	1738.92	42.99
4.80	1781.90	43.11
4.90	1825.01	43.24
5.00	1868.25	43.36
5.10	1911.61	43.49
5.20	1955.10	43.62
5.30	1998.72	43.75
5.40	2042.47	43.88
5.50	2086.34	44.01
5.60	2130.35	44.14
5.70	2174.49	44.27
5.80	2218.76	44.41
5.90	2263.17	44.54
6.00	2307.71	44.67
6.10	2352.38	44.81
6.20	2397.19	44.95
6.30	2442.14	45.08
6.40	2487.22	45.22
6.50	2532.45	45.36
6.60	2577.81	45.50
6.70	2623.31	45.64
6.80	2668.96	45.79
6.90	2714.74	45.93
7.00	2760.67	46.07
7.10	2806.75	46.22
7.20	2852.97	46.37
7.30	2899.34	46.51
7.40	2945.85	46.66
7.50	2992.51	46.81
7.60	3039.32	46.96
7.70	3086.28	47.11
7.80	3133.40	47.27
7.90	3180.66	47.42
8.00	3228.08	47.57
8.10	3275.65	47.73
8.20	3323.38	47.89
8.30	3371.27	48.04
8.40	3419.32	48.20
8.50	3467.52	48.36
8.60	3515.88	48.53
8.70	3564.41	48.69
8.80	3613.10	48.85
8.90	3661.95	49.02
9.00	3710.97	49.18
9.10	3760.15	49.35
9.20	3809.50	49.52
9.30	3859.02	49.69
9.40	3908.71	49.86
9.50	3958.57	50.03
9.60	4008.61	50.21
9.70	4058.82	50.38
9.80	4109.20	50.56
9.90	4159.76	50.74
10.00	4210.50	50.92
10.10	4261.42	51.10
10.20	4312.51	51.28
10.30	4363.79	51.46
10.40	4415.26	51.65
10.50	4466.91	51.84
10.60	4518.74	52.02
10.70	4570.77	52.21
10.80	4622.98	52.40
10.90	4675.38	52.60
11.00	4727.98	52.79
11.10	4780.77	52.99
11.20	4833.76	53.18
11.30	4886.94	53.38
11.40	4940.32	53.58
11.50	4993.90	53.79
11.60	5047.69	53.99
11.70	5101.68	54.19
11.80	5155.87	54.40
11.90	5210.28	54.61
12.00	5264.89	54.82
12.10	5319.71	55.03
12.20	5374.74	55.25
12.30	5429.99	55.47
12.40	5485.46	55.68
12.50	5541.14	55.90
12.60	5597.04	56.13
12.70	5653.17	56.35
12.80	5709.52	56.58
12.90	5766.09	56.80
13.00	5822.90	57.03
13.10	5879.93	57.27
13.20	5937.20	57.50
13.30	5994.70	57.74
13.40	6052.43	57.97
13.50	6110.40	58.21
13.60	6168.62	58.46
13.70	6227.08	58.70
13.80	6285.78	58.95
13.90	6344.73	59.20
14.00	6403.93	59.45
14.10	6463.38	59.70
14.20	6523.08	59.96
14.30	6583.04	60.22
14.40	6643.26	60.48
14.50	6703.75	60.75
14.60	6764.49	61.01
14.70	6825.50	61.28
14.80	6886.79	61.55
14.90	6948.34	61.83
15.00	7010.17	62.11
15.10	7072.27	62.39
15.20	7134.66	62.67
15.30	7197.33	62.95
15.40	7260.28	63.24
15.50	7323.52	63.53
15.60	7387.06	63.83
15.70	7450.89	64.13
15.80	7515.01	64.43
15.90	7579.44	64.73
16.00	7644.17	65.04
16.10	7709.20	65.35
16.20	7774.55	65.66
16.30	7840.21	65.98
16.40	7906.19	66.30
16.50	7972.48	66.62
16.60	8039.10	66.95
16.70	8106.05	67.28
16.80	8173.33	67.61
16.90	8240.94	67.95
17.00	8308.89	68.29
17.10	8377.18	68.64
17.20	8445.82	68.99
17.30	8514.80	69.34
17.40	8584.14	69.70
17.50	8653.84	70.06
17.60	8723.89	70.42
17.70	8794.32	70.79
17.80	8865.11	71.17
17.90	8936.28	71.54
18.00	9007.82	71.93
18.10	9079.75	72.31
18.20	9152.06	72.71
18.30	9224.77	73.10
18.40	9297.87	73.50
18.50	9371.37	73.91
18.60	9445.28	74.32
18.70	9519.60	74.74
18.80	9594.34	75.16
18.90	9669.50	75.59
19.00	9745.09	76.02
19.10	9821.11	76.46
19.20	9897.56	76.90
19.30	9974.46	77.35
19.40	10051.81	77.80
19.50	10129.61	78.26
19.60	10207.88	78.73
19.70	10286.60	79.20
19.80	10365.81	79.68
19.90	10445.49	80.17
20.00	10525.66	80.66
20.10	10606.31	81.16
20.20	10687.47	81.66
20.30	10769.13	82.17
20.40	10851.31	82.69
20.50	10934.00	83.22
20.60	11017.22	83.75
20.70	11100.98	84.30
20.80	11185.27	84.85
20.90	11270.12	85.40
21.00	11355.52	85.97
21.10	11441.49	86.54
21.20	11528.03	87.12
21.30	11615.15	87.71
21.40	11702.87	88.31
21.50	11791.18	88.92
21.60	11880.10	89.54
21.70	11969.64	90.17
21.80	12059.81	90.80
21.90	12150.61	91.45
22.00	12242.06	92.11
22.10	12334.17	92.77
22.20	12426.94	93.45
22.30	12520.39	94.14
22.40	12614.52	94.84
22.50	12709.36	95.55
22.60	12804.91	96.27
22.70	12901.18	97.00
22.80	12998.18	97.75
22.90	13095.93	98.51
23.00	13194.44	99.28
23.10	13293.72	100.06
23.20	13393.78	100.86
23.30	13494.65	101.68
23.40	13596.32	102.50
23.50	13698.83	103.34
23.60	13802.17	104.20
23.70	13906.37	105.07
23.80	14011.44	105.96
23.90	14117.39	106.86
24.00	14224.25	107.78
24.10	14332.03	108.72
24.20	14440.75	109.67
24.30	14550.42	110.64
24.40	14661.06	111.63
24.50	14772.69	112.64
24.60	14885.33	113.67
24.70	14999.01	114.72
24.80	15113.73	115.79
24.90	15229.52	116.88
25.00	15346.40	118.00
25.10	15464.40	119.13
25.20	15583.53	120.29
25.30	15703.83	121.48
25.40	15825.30	122.68
25.50	15947.98	123.92
25.60	16071.90	125.18
25.70	16197.08	126.46
25.80	16323.54	127.78
25.90	16451.31	129.12
26.00	16580.43	130.49
26.10	16710.92	131.89
26.20	16842.82	133.33
26.30	16976.15	134.80
26.40	17110.94	136.30
26.50	17247.24	137.83
26.60	17385.07	139.40
26.70	17524.47	141.01
26.80	17665.47	142.65
26.90	17808.13	144.34
27.00	17952.47	146.06
27.10	18098.53	147.83
27.20	18246.37	149.64
27.30	18396.01	151.50
27.40	18547.51	153.40
27.50	18700.91	155.35
27.60	18856.27	157.36
27.70	19013.62	159.41
27.80	19173.03	161.51
27.90	19334.54	163.67
28.00	19498.22	165.89
28.10	19664.11	168.17
28.20	19832.28	170.51
28.30	20002.79	172.91
28.40	20175.70	175.38
28.50	20351.07	177.91
28.60	20528.99	180.52
28.70	20709.51	183.20
28.80	20892.71	185.95
28.90	21078.66	188.79
29.00	21267.45	191.70
29.10	21459.15	194.70
29.20	21653.85	197.79
29.30	21851.63	200.96
29.40	22052.59	204.23
29.50	22256.83	207.60
29.60	22464.42	211.06
29.70	22675.49	214.63
29.80	22890.12	218.31
29.90	23108.44	222.10
30.00	23330.54	226.00
30.10	23556.54	230.02
30.20	23786.56	234.17
30.30	24020.73	238.44
30.40	24259.17	242.84
30.50	24502.01	247.37
30.60	24749.39	252.05
30.70	25001.43	256.86
30.80	25258.30	261.82
30.90	25520.12	266.94
31.00	25787.06	272.20
31.10	26059.26	277.63
31.20	26336.89	283.21
31.30	26620.10	288.96
31.40	26909.06	294.88
31.50	27203.95	300.97
31.60	27504.91	307.23
31.70	27812.14	313.67
31.80	28125.81	320.28
31.90	28446.10	327.08
32.00	28773.17	334.05
32.10	29107.22	341.20
32.20	29448.42	348.53
32.30	29796.96	356.04
32.40	30153.00	363.73
32.50	30516.72	371.58
32.60	30888.31	379.61
32.70	31267.92	387.81
32.80	31655.73	396.16
32.90	32051.89	404.67
33.00	32456.55	413.33
33.10	32869.88	422.12
33.20	33292.00	431.05
33.30	33723.06	440.11
33.40	34163.16	449.28
33.50	34612.44	458.55
33.60	35070.99	467.92
33.70	35538.91	477.38
33.80	36016.29	486.91
33.90	36503.20	496.51
34.00	36999.71	506.17
34.10	37505.88	515.87
34.20	38021.75	525.62
34.30	38547.38	535.41
34.40	39082.79	545.23
34.50	39628.01	555.06
34.60	40183.07	564.92
34.70	40748.00	574.80
34.80	41322.80	584.69
34.90	41907.49	594.60
35.00	42502.09	604.51
35.10	43106.60	614.44
35.20	43721.04	624.38
35.30	44345.42	634.33
35.40	44979.75	644.29
35.50	45624.04	654.27
35.60	46278.31	664.25
35.70	46942.57	674.25
35.80	47616.82	684.26
35.90	48301.08	694.28
36.00	48995.36	704.31
36.10	49699.67	714.36
36.20	50414.03	724.41
36.30	51138.44	734.48
36.40	51872.92	744.56
36.50	52617.48	754.65
36.60	53372.13	764.75
36.70	54136.89	774.87
36.80	54911.76	785.00
36.90	55696.75	795.14
37.00	56491.89	805.29
37.10	57297.18	815.45
37.20	58112.63	825.63
37.30	58938.26	835.81
37.40	59774.07	846.01
37.50	60620.09	856.23
37.60	61476.32	866.45
37.70	62342.77	876.69
37.80	63219.46	886.94
37.90	64106.39	897.20
38.00	65003.59	907.47
38.10	65911.07	917.76
38.20	66828.83	928.06
38.30	67756.89	938.37
38.40	68695.27	948.70
38.50	69643.96	959.04
38.60	70602.99	969.39
38.70	71572.38	979.75
38.80	72552.12	990.12
38.90	73542.25	1000.51
39.00	74542.77	1010.91
39.10	75553.68	1021.33
39.20	76575.01	1031.75
39.30	77606.77	1042.19
39.40	78648.96	1052.65
39.50	79701.61	1063.11
39.60	80764.73	1073.59
39.70	81838.32	1084.09
39.80	82922.41	1094.59
39.90	84017.00	1105.11
40.00	85122.11	1115.64
40.10	86237.75	1126.19
40.20	87363.94	1136.75
40.30	88500.69	1147.32
40.40	89648.01	1157.91
40.50	90805.91	1168.50
40.60	91974.42	1179.12
40.70	93153.54	1189.74
40.80	94343.28	1200.38
40.90	95543.66	1211.04
41.00	96754.70	1221.70
41.10	97976.41	1232.38
41.20	99208.79	1243.08
41.30	100451.87	1253.79
41.40	101705.66	1264.51
41.50	102970.16	1275.24
41.60	104245.41	1285.99
41.70	105531.40	1296.76
41.80	106828.16	1307.54
41.90	108135.70	1318.33
42.00	109454.02	1329.13
42.10	110783.16	1339.95
42.20	112123.11	1350.79
42.30	113473.90	1361.64
42.40	114835.53	1372.50
42.50	116208.03	1383.38
42.60	117591.41	1394.27
42.70	118985.67	1405.17
42.80	120390.84	1416.09
42.90	121806.94	1427.03
43.00	123233.96	1437.97
43.10	124671.94	1448.94
43.20	126120.88	1459.91
43.30	127580.79	1470.91
43.40	129051.70	1481.91
43.50	130533.61	1492.93
43.60	132026.55	1503.97
43.70	133530.52	1515.02
43.80	135045.53	1526.09
43.90	136571.62	1537.17
44.00	138108.80	1548.26
44.10	139657.06	1559.37
44.20	141216.44	1570.50
44.30	142786.94	1581.64
44.40	144368.58	1592.79
44.50	145961.38	1603.96
44.60	147565.34	1615.15
44.70	149180.48	1626.35
44.80	150806.83	1637.56
44.90	152444.39	1648.79
45.00	154093.19	1660.04
45.10	155753.23	1671.30
45.20	157424.53	1682.58
45.30	159107.11	1693.87
45.40	160800.98	1705.18
45.50	162506.16	1716.50
45.60	164222.66	1727.84
45.70	165950.50	1739.19
45.80	167689.69	1750.56
45.90	169440.25	1761.95
46.00	171202.20	1773.35
46.10	172975.55	1784.76
46.20	174760.31	1796.19
46.30	176556.50	1807.64
46.40	178364.14	1819.11
46.50	180183.25	1830.59
46.60	182013.83	1842.08
46.70	183855.91	1853.59
46.80	185709.50	1865.12
46.90	187574.62	1876.66
47.00	189451.28	1888.22
47.10	191339.50	1899.80
47.20	193239.30	1911.39
47.30	195150.69	1922.99
47.40	197073.69	1934.62
47.50	199008.31	1946.26
47.60	200954.56	1957.91
47.70	202912.47	1969.59
47.80	204882.05	1981.27
47.90	206863.33	1992.98
48.00	208856.31	2004.70
48.10	210861.02	2016.44
48.20	212877.45	2028.19
48.30	214905.64	2039.96
48.40	216945.61	2051.75
48.50	218997.36	2063.56
48.60	221060.92	2075.38
48.70	223136.30	2087.21
48.80	225223.52	2099.07
48.90	227322.58	2110.94
49.00	229433.52	2122.83
49.10	231556.34	2134.73
49.20	233691.08	2146.65
49.30	235837.73	2158.59
49.40	237996.33	2170.55
49.50	240166.88	2182.52
49.60	242349.39	2194.51
49.70	244543.91	2206.52
49.80	246750.42	2218.54
49.90	248968.97	2230.58
50.00	251199.55	2242.64
50.10	253442.19	2254.72
50.20	255696.91	2266.81
50.30	257963.72	2278.92
50.40	260242.64	2291.04
50.50	262533.69	2303.19
50.60	264836.88	2315.35
50.70	267152.22	2327.53
50.80	269479.75	2339.73
50.90	271819.47	2351.94
51.00	274171.41	2364.18
51.10	276535.59	2376.42
51.20	278912.03	2388.69
51.30	281300.72	2400.98
51.40	283701.69	2413.28
51.50	286114.97	2425.60
51.60	288540.56	2437.94
51.70	290978.50	2450.30
51.80	293428.78	2462.67
51.90	295891.44	2475.06
52.00	298366.50	2487.47
52.10	300853.97	2499.90
52.20	303353.88	2512.35
52.30	305866.22	2524.81
52.40	308391.03	2537.29
52.50	310928.31	2549.79
52.60	313478.09	2562.31
52.70	316040.41	2574.85
52.80	318615.25	2587.41
52.90	321202.66	2599.98
53.00	323802.62	2612.57
53.10	326415.19	2625.18
53.20	329040.38	2637.81
53.30	331678.19	2650.46
53.40	334328.66	2663.12
53.50	336991.78	2675.81
53.60	339667.59	2688.51
53.70	342356.09	2701.23
53.80	345057.31	2713.97
53.90	347771.28	2726.73
54.00	350498.00	2739.51
54.10	353237.50	2752.30
54.20	355989.81	2765.12
54.30	358754.94	2777.95
54.40	361532.88	2790.80
54.50	364323.69	2803.68
54.60	367127.38	2816.57
54.70	369943.94	2829.48
54.80	372773.41	2842.40
54.90	375615.81	2855.35
55.00	378471.16	2868.32
55.10	381339.47	2881.30
55.20	384220.78	2894.31
55.30	387115.09	2907.33
55.40	390022.44	2920.38
55.50	392942.81	2933.44
55.60	395876.25	2946.52
55.70	398822.78	2959.62
55.80	401782.41	2972.74
55.90	404755.16	2985.88
56.00	407741.03	2999.04
56.10	410740.06	3012.22
56.20	413752.28	3025.42
56.30	416777.69	3038.64
56.40	419816.31	3051.88
56.50	422868.19	3065.13
56.60	425933.31	3078.41
56.70	429011.72	3091.71
56.80	432103.44	3105.02
56.90	435208.47	3118.36
57.00	438326.84	3131.72
57.10	441458.56	3145.09
57.20	444603.66	3158.49
57.30	447762.16	3171.90
57.40	450934.06	3185.34
57.50	454119.41	3198.80
57.60	457318.19	3212.27
57.70	460530.47	3225.77
57.80	463756.25	3239.28
57.90	466995.53	3252.82
58.00	470248.34	3266.38
58.10	473514.72	3279.95
58.20	476794.66	3293.55
58.30	480088.22	3307.17
58.40	483395.38	3320.80
58.50	486716.19	3334.46
58.60	490050.66	3348.14
58.70	493398.78	3361.84
58.80	496760.62	3375.56
58.90	500136.19	3389.30
59.00	503525.47	3403.06
59.10	506928.53	3416.84
59.20	510345.38	3430.64
59.30	513776.00	3444.46
59.40	517220.47	3458.30
59.50	520678.78	3472.16
59.60	524150.94	3486.05
59.70	527637.00	3499.95
59.80	531136.94	3513.88
59.90	534650.81	3527.82
60.00	538178.62	3541.79
60.10	541720.44	3555.78
60.20	545276.19	3569.79
60.30	548846.00	3583.82
60.40	552429.81	3597.87
60.50	556027.69	3611.94
60.60	559639.62	3626.03
60.70	563265.69	3640.15
60.80	566905.81	3654.28
60.90	570560.12	3668.44
61.00	574228.56	3682.62
61.10	577911.19	3696.82
61.20	581608.00	3711.04
61.30	585319.06	3725.28
61.40	589044.31	3739.54
61.50	592783.88	3753.83
61.60	596537.69	3768.13
61.70	600305.81	3782.46
61.80	604088.25	3796.81
61.90	607885.06	3811.18
62.00	611696.25	3825.57
62.10	615521.81	3839.99
62.20	619361.81	3854.42
62.30	623216.25	3868.88
62.40	627085.12	3883.36
62.50	630968.50	3897.86
62.60	634866.38	3912.38
62.70	638778.75	3926.92
62.80	642705.69	3941.49
62.90	646647.19	3956.07
63.00	650603.25	3970.68
63.10	654573.94	3985.31
63.20	658559.25	3999.97
63.30	662559.19	4014.64
63.40	666573.81	4029.34
63.50	670603.12	4044.06
63.60	674647.19	4058.80
63.70	678706.00	4073.56
63.80	682779.56	4088.35
63.90	686867.94	4103.16
64.00	690971.12	4117.99
64.10	695089.12	4132.84
64.20	699221.94	4147.71
64.30	703369.62	4162.61
64.40	707532.25	4177.53
64.50	711709.75	4192.47
64.60	715902.25	4207.43
64.70	720109.69	4222.42
64.80	724332.12	4237.43
64.90	728569.56	4252.46
65.00	732822.00	4267.51
65.10	737089.50	4282.59
65.20	741372.06	4297.69
65.30	745669.75	4312.81
65.40	749982.56	4327.95
65.50	754310.50	4343.12
65.60	758653.62	4358.31
65.70	763011.94	4373.52
65.80	767385.44	4388.76
65.90	771774.19	4404.02
66.00	776178.19	4419.30
66.10	780597.50	4434.60
66.20	785032.12	4449.93
66.30	789482.06	4465.28
66.40	793947.31	4480.65
66.50	798427.94	4496.04
66.60	802924.00	4511.46
66.70	807435.44	4526.90
66.80	811962.31	4542.37
66.90	816504.69	4557.86
67.00	821062.56	4573.37
67.10	825635.94	4588.90
67.20	830224.81	4604.46
67.30	834829.25	4620.04
67.40	839449.31	4635.64
67.50	844084.94	4651.27
67.60	848736.19	4666.92
67.70	853403.12	4682.59
67.80	858085.75	4698.29
67.90	862784.06	4714.01
68.00	867498.06	4729.75
68.10	872227.81	4745.52
68.20	876973.31	4761.31
68.30	881734.62	4777.13
68.40	886511.75	4792.96
68.50	891304.69	4808.83
68.60	896113.50	4824.71
68.70	900938.19	4840.62
68.80	905778.81	4856.55
68.90	910635.38	4872.51
69.00	915507.88	4888.49
69.10	920396.38	4904.49
69.20	925300.88	4920.52
69.30	930221.38	4936.57
69.40	935157.94	4952.65
69.50	940110.56	4968.75
69.60	945079.31	4984.87
69.70	950064.19	5001.02
69.80	955065.19	5017.19
69.90	960082.38	5033.38
70.00	965115.75	5049.60
70.10	970165.38	5065.84
70.20	975231.19	5082.11
70.30	980313.31	5098.40
70.40	985411.69	5114.72
70.50	990526.38	5131.05
70.60	995657.44	5147.42
70.70	1000804.88	5163.81
70.80	1005968.69	5180.22
70.90	1011148.88	5196.65
71.00	1016345.50	5213.11
71.10	1021558.62	5229.60
71.20	1026788.25	5246.11
71.30	1032034.38	5262.64
71.40	1037297.00	5279.20
71.50	1042576.19	5295.78
71.60	1047872.00	5312.39
71.70	1053184.38	5329.02
71.80	1058513.38	5345.68
71.90	1063859.00	5362.36
72.00	1069221.38	5379.06
72.10	1074600.38	5395.79
72.20	1079996.12	5412.55
72.30	1085408.62	5429.32
72.40	1090838.00	5446.13
72.50	1096284.12	5462.96
72.60	1101747.12	5479.81
72.70	1107226.88	5496.69
72.80	1112723.50	5513.59
72.90	1118237.12	5530.52
73.00	1123767.62	5547.47
73.10	1129315.12	5564.45
73.20	1134879.62	5581.45
73.30	1140461.12	5598.48
73.40	1146059.62	5615.53
73.50	1151675.12	5632.60
73.60	1157307.75	5649.71
73.70	1162957.50	5666.83
73.80	1168624.38	5683.98
73.90	1174308.38	5701.16
74.00	1180009.50	5718.36
74.10	1185727.88	5735.59
74.20	1191463.50	5752.84
74.30	1197216.38	5770.12
74.40	1202986.50	5787.42
74.50	1208773.88	5804.75
74.60	1214578.62	5822.10
74.70	1220400.75	5839.48
74.80	1226240.25	5856.88
74.90	1232097.12	5874.31
75.00	1237971.38	5891.77
75.10	1243863.12	5909.25
75.20	1249772.38	5926.75
75.30	1255699.12	5944.28
75.40	1261643.38	5961.84
75.50	1267605.25	5979.42
75.60	1273584.62	5997.02
75.70	1279581.62	6014.66
75.80	1285596.25	6032.31
75.90	1291628.62	6050.00
76.00	1297678.62	6067.71
76.10	1303746.38	6085.44
76.20	1309831.88	6103.20
76.30	1315935.12	6120.99
76.40	1322056.12	6138.80
76.50	1328194.88	6156.64
76.60	1334351.50	6174.50
76.70	1340526.00	6192.39
76.80	1346718.38	6210.30
76.90	1352928.62	6228.24
77.00	1359156.88	6246.21
77.10	1365403.12	6264.20
77.20	1371667.38	6282.22
77.30	1377949.62	6300.26
77.40	1384249.88	6318.33
77.50	1390568.25	6336.43
77.60	1396904.62	6354.55
77.70	1403259.12	6372.70
77.80	1409631.88	6390.87
77.90	1416022.75	6409.07
78.00	1422431.88	6427.30
78.10	1428859.12	6445.55
78.20	1435304.62	6463.83
78.30	1441768.50	6482.13
78.40	1448250.62	6500.46
78.50	1454751.12	6518.82
78.60	1461270.00	6537.20
78.70	1467807.25	6555.61
78.80	1474362.88	6574.04
78.90	1480936.88	6592.51
79.00	1487529.38	6610.99
79.10	1494140.38	6629.51
79.20	1500769.88	6648.05
79.30	1507417.88	6666.61
79.40	1514084.50	6685.21
79.50	1520769.75	6703.83
79.60	1527473.62	6722.47
79.70	1534196.12	6741.14
79.80	1540937.25	6759.84
79.90	1547697.12	6778.57
80.00	1554475.75	6797.32
80.10	1561273.12	6816.10
80.20	1568089.25	6834.90
80.30	1574924.12	6853.73
80.40	1581777.88	6872.59
80.50	1588650.50	6891.48
80.60	1595542.00	6910.39
80.70	1602452.38	6929.33
80.80	1609381.75	6948.29
80.90	1616330.00	6967.28
81.00	1623297.25	6986.30
81.10	1630283.50	7005.34
81.20	1637288.88	7024.41
81.30	1644313.25	7043.51
81.40	1651356.75	7062.64
81.50	1658419.38	7081.79
81.60	1665501.12	7100.97
81.70	1672602.12	7120.17
81.80	1679722.25	7139.41
81.90	1686861.62	7158.67
82.00	1694020.25	7177.95
82.10	1701198.25	7197.26
82.20	1708395.50	7216.60
82.30	1715612.12	7235.97
82.40	1722848.12	7255.37
82.50	1730103.50	7274.79
82.60	1737378.25	7294.24
82.70	1744672.50	7313.71
82.80	1751986.25	7333.21
82.90	1759319.50	7352.74
83.00	1766672.25	7372.30
83.10	1774044.50	7391.88
83.20	1781436.38	7411.49
83.30	1788847.88	7431.13
83.40	1796279.00	7450.80
83.50	1803729.75	7470.49
83.60	1811200.25	7490.21
83.70	1818690.50	7509.96
83.80	1826200.50	7529.73
83.90	1833730.25	7549.53
84.00	1841279.75	7569.36
84.10	1848849.12	7589.22
84.20	1856438.38	7609.10
84.30	1864047.50	7629.01
84.40	1871676.50	7648.95
84.50	1879325.50	7668.92
84.60	1886994.38	7688.91
84.70	1894683.25	7708.93
84.80	1902392.12	7728.98
84.90	1910121.12	7749.06
85.00	1917870.12	7769.16
85.10	1925639.25	7789.29
85.20	1933428.50	7809.45
85.30	1941238.00	7829.64
85.40	1949067.62	7849.85
85.50	1956917.50	7870.09
85.60	1964787.62	7890.36
85.70	1972678.00	7910.66
85.80	1980588.62	7930.98
85.90	1988519.62	7951.33
86.00	1996471.00	7971.71
86.10	2004442.75	7992.12
86.20	2012434.88	8012.56
86.30	2020447.38	8033.02
86.40	2028480.38	8053.51
86.50	2036533.88	8074.03
86.60	2044607.88	8094.58
86.70	2052702.50	8115.15
86.80	2060817.62	8135.75
86.90	2068953.38	8156.38
87.00	2077109.75	8177.04
87.10	2085286.75	8197.73
87.20	2093484.50	8218.44
87.30	2101703.00	8239.18
87.40	2109942.25	8259.95
87.50	2118202.25	8280.75
87.60	2126483.00	8301.58
87.70	2134784.50	8322.43
87.80	2143107.00	8343.31
87.90	2151450.25	8364.22
88.00	2159814.50	8385.16
88.10	2168199.75	8406.12
88.20	2176606.00	8427.12
88.30	2185033.00	8448.14
88.40	2193481.25	8469.19
88.50	2201950.50	8490.27
88.60	2210440.75	8511.38
88.70	2218952.25	8532.51
88.80	2227484.75	8553.68
88.90	2236038.50	8574.87
89.00	2244613.25	8596.09
89.10	2253209.25	8617.33
89.20	2261826.50	8638.61
89.30	2270465.00	8659.92
89.40	2279125.00	8681.25
89.50	2287806.25	8702.61
89.60	2296508.75	8724.00
89.70	2305232.75	8745.42
89.80	2313978.25	8766.86
89.90	2322745.00	8788.34
90.00	2331533.25	8809.84
90.10	2340343.00	8831.38
90.20	2349174.50	8852.94
90.30	2358027.50	8874.52
90.40	2366902.00	8896.14
90.50	2375798.25	8917.79
90.60	2384716.00	8939.46
90.70	2393655.50	8961.17
90.80	2402616.75	8982.90
90.90	2411599.75	9004.66
91.00	2420604.50	9026.45
91.10	2429631.00	9048.26
91.20	2438679.25	9070.11
91.30	2447749.25	9091.98
91.40	2456841.25	9113.89
91.50	2465955.25	9135.82
91.60	2475091.00	9157.78
91.70	2484248.75	9179.77
91.80	2493428.50	9201.79
91.90	2502630.25	9223.83
92.00	2511854.00	9245.91
92.10	2521100.00	9268.01
92.20	2530368.00	9290.15
92.30	2539658.25	9312.31
92.40	2548970.50	9334.50
92.50	2558305.00	9356.72
92.60	2567661.75	9378.97
92.70	2577040.75	9401.25
92.80	2586442.00	9423.55
92.90	2595865.50	9445.89
93.00	2605311.50	9468.25
93.10	2614779.75	9490.65
93.20	2624270.50	9513.07
93.30	2633783.50	9535.52
93.40	2643319.00	9558.00
93.50	2652877.00	9580.51
93.60	2662457.50	9603.05
93.70	2672060.50	9625.62
93.80	2681686.00	9648.22
93.90	2691334.25	9670.84
94.00	2701005.00	9693.50
94.10	2710698.50	9716.18
94.20	2720414.75	9738.90
94.30	2730153.75	9761.64
94.40	2739915.50	9784.41
94.50	2749700.00	9807.21
94.60	2759507.25	9830.04
94.70	2769337.25	9852.90
94.80	2779190.25	9875.79
94.90	2789066.00	9898.71
95.00	2798964.75	9921.65
95.10	2808886.50	9944.63
95.20	2818831.25	9967.64
95.30	2828799.00	9990.67
95.40	2838789.75	10013.74
95.50	2848803.50	10036.83
95.60	2858840.25	10059.95
95.70	2868900.25	10083.10
95.80	2878983.25	10106.29
95.90	2889089.50	10129.50
96.00	2899219.00	10152.74
96.10	2909371.75	10176.01
96.20	2919547.75	10199.31
96.30	2929747.00	10222.64
96.40	2939969.75	10246.00
96.50	2950215.75	10269.39
96.60	2960485.25	10292.81
96.70	2970778.00	10316.25
96.80	2981094.25	10339.73
96.90	2991434.00	10363.24
97.00	3001797.25	10386.77
97.10	3012184.00	10410.34
97.20	3022594.25	10433.94
97.30	3033028.25	10457.56
97.40	3043485.75	10481.22
97.50	3053967.00	10504.90
97.60	3064472.00	10528.62
97.70	3075000.50	10552.36
97.80	3085552.75	10576.13
97.90	3096129.00	10599.94
98.00	3106729.00	10623.77
98.10	3117352.75	10647.64
98.20	3128000.50	10671.53
98.30	3138672.00	10695.45
98.40	3149367.50	10719.41
98.50	3160087.00	10743.39
98.60	3170830.50	10767.40
98.70	3181598.00	10791.44
98.80	3192389.50	10815.52
98.90	3203205.00	10839.62
99.00	3214044.50	10863.75
99.10	3224908.25	10887.91
99.20	3235796.25	10912.11
99.30	3246708.25	10936.33
99.40	3257644.50	10960.58
99.50	3268605.00	10984.86
99.60	3279589.75	11009.18
99.70	3290599.00	11033.52
99.80	3301632.50	11057.89
99.90	3312690.50	11082.30
100.00	3323772.75	11106.73
100.10	3334879.50	11131.19
100.20	3346010.75	11155.69
100.30	3357166.50	11180.21
100.40	3368346.75	11204.76
100.50	3379551.50	11229.35
100.60	3390780.75	11253.96
100.70	3402034.75	11278.61
100.80	3413313.25	11303.28
100.90	3424616.50	11327.99
101.00	3435944.50	11352.72
101.10	3447297.25	11377.49
101.20	3458674.75	11402.28
101.30	3470077.00	11427.11
101.40	3481504.00	11451.96
101.50	3492956.00	11476.85
101.60	3504432.75	11501.77
101.70	3515934.50	11526.72
101.80	3527461.25	11551.70
101.90	3539013.00	11576.71
102.00	3550589.75	11601.74
102.10	3562191.50	11626.81
102.20	3573818.25	11651.92
102.30	3585470.25	11677.05
102.40	3597147.25	11702.21
102.50	3608849.50	11727.40
102.60	3620577.00	11752.62
102.70	3632329.50	11777.88
102.80	3644107.50	11803.16
102.90	3655910.75	11828.47
103.00	3667739.25	11853.82
103.10	3679593.00	11879.19
103.20	3691472.25	11904.60
103.30	3703376.75	11930.04
103.40	3715306.75	11955.51
103.50	3727262.25	11981.00
103.60	3739243.25	12006.53
103.70	3751249.75	12032.09
103.80	3763281.75	12057.69
103.90	3775339.50	12083.31
104.00	3787422.75	12108.96
104.10	3799531.75	12134.64
104.20	3811666.50	12160.36
104.30	3823826.75	12186.10
104.40	3836012.75	12211.88
104.50	3848224.75	12237.69
104.60	3860462.50	12263.53
104.70	3872726.00	12289.39
104.80	3885015.50	12315.29
104.90	3897330.75	12341.23
105.00	3909672.00	12367.19
105.10	3922039.25	12393.18
105.20	3934432.50	12419.21
105.30	3946851.75	12445.26
105.40	3959297.00	12471.35
105.50	3971768.25	12497.46
105.60	3984265.75	12523.61
105.70	3996789.25	12549.79
105.80	4009339.00	12576.00
105.90	4021915.00	12602.25
106.00	4034517.25	12628.52
106.10	4047145.75	12654.82
106.20	4059800.50	12681.16
106.30	4072481.75	12707.53
106.40	4085189.25	12733.93
106.50	4097923.25	12760.36
106.60	4110683.50	12786.82
106.70	4123470.25	12813.31
106.80	4136283.50	12839.83
106.90	4149123.25	12866.39
107.00	4161989.75	12892.97
107.10	4174882.75	12919.59
107.20	4187802.25	12946.24
107.30	4200748.50	12972.92
107.40	4213721.50	12999.64
107.50	4226721.00	13026.38
107.60	4239747.50	13053.16
107.70	4252800.50	13079.96
107.80	4265880.50	13106.80
107.90	4278987.50	13133.67
108.00	4292121.00	13160.57
108.10	4305281.50	13187.51
108.20	4318469.00	13214.47
108.30	4331683.50	13241.47
108.40	4344925.00	13268.50
108.50	4358193.50	13295.56
108.60	4371489.00	13322.65
108.70	4384811.50	13349.77
108.80	4398161.50	13376.93
108.90	4411538.50	13404.12
109.00	4424942.50	13431.33
109.10	4438374.00	13458.59
109.20	4451832.50	13485.87
109.30	4465318.50	13513.18
109.40	4478831.50	13540.53
109.50	4492372.00	13567.91
109.60	4505940.00	13595.32
109.70	4519535.50	13622.76
109.80	4533158.50	13650.24
109.90	4546808.50	13677.74
110.00	4560486.00	13705.28
110.10	4574191.50	13732.85
110.20	4587924.50	13760.45
110.30	4601685.00	13788.09
110.40	4615473.00	13815.76
110.50	4629289.00	13843.46
110.60	4643132.50	13871.19
110.70	4657003.50	13898.95
110.80	4670902.50	13926.75
110.90	4684829.00	13954.57
111.00	4698783.50	13982.43
111.10	4712766.00	14010.33
111.20	4726776.50	14038.25
111.30	4740815.00	14066.21
111.40	4754881.00	14094.20
111.50	4768975.00	14122.22
111.60	4783097.00	14150.27
111.70	4797247.50	14178.36
111.80	4811426.00	14206.48
111.90	4825632.50	14234.63
112.00	4839867.00	14262.81
112.10	4854130.00	14291.03
112.20	4868421.00	14319.28
112.30	4882740.50	14347.56
112.40	4897088.00	14375.87
112.50	4911464.00	14404.22
112.60	4925868.00	14432.60
112.70	4940300.50	14461.01
112.80	4954761.50	14489.46
112.90	4969251.00	14517.93
113.00	4983769.00	14546.44
113.10	4998315.50	14574.98
113.20	5012890.50	14603.56
113.30	5027494.00	14632.17
113.40	5042126.00	14660.81
113.50	5056787.00	14689.48
113.60	5071476.50	14718.19
113.70	5086194.50	14746.93
113.80	5100941.50	14775.70
113.90	5115717.00	14804.50
114.00	5130521.50	14833.34
114.10	5145355.00	14862.21
114.20	5160217.00	14891.12
114.30	5175108.00	14920.06
114.40	5190028.00	14949.03
114.50	5204977.00	14978.03
114.60	5219955.00	15007.07
114.70	5234962.00	15036.13
114.80	5249998.00	15065.24
114.90	5265063.00	15094.37
115.00	5280157.50	15123.54
115.10	5295281.00	15152.74
115.20	5310433.50	15181.98
115.30	5325615.50	15211.25
115.40	5340826.50	15240.55
115.50	5356067.00	15269.89
115.60	5371337.00	15299.26
115.70	5386636.50	15328.66
115.80	5401965.00	15358.09
115.90	5417323.00	15387.56
116.00	5432710.50	15417.07
116.10	5448127.50	15446.60
116.20	5463574.00	15476.17
116.30	5479050.00	15505.77
116.40	5494556.00	15535.41
116.50	5510091.50	15565.08
116.60	5525656.50	15594.79
116.70	5541251.50	15624.52
116.80	5556876.00	15654.29
116.90	5572530.50	15684.10
117.00	5588214.50	15713.94
117.10	5603928.50	15743.81
117.20	5619672.50	15773.72
117.30	5635446.00	15803.66
117.40	5651249.50	15833.63
117.50	5667083.00	15863.64
117.60	5682946.50	15893.68
117.70	5698840.00	15923.76
117.80	5714764.00	15953.87
117.90	5730718.00	15984.01
118.00	5746702.00	16014.19
118.10	5762716.00	16044.40
118.20	5778760.50	16074.65
118.30	5794835.00	16104.93
118.40	5810940.00	16135.24
118.50	5827075.00	16165.59
118.60	5843240.50	16195.97
118.70	5859436.50	16226.39
118.80	5875663.00	16256.84
118.90	5891920.00	16287.33
119.00	5908207.50	16317.85
119.10	5924525.50	16348.40
119.20	5940874.00	16378.99
119.30	5957253.00	16409.61
119.40	5973662.50	16440.27
119.50	5990103.00	16470.96
119.60	6006574.00	16501.69
119.70	6023075.50	16532.45
119.80	6039608.00	16563.25
119.90	6056171.00	16594.08
120.00	6072765.00	16624.94
120.10	6089390.00	16655.84
120.20	6106046.00	16686.77
120.30	6122733.00	16717.74
120.40	6139450.50	16748.75
120.50	6156199.00	16779.79
120.60	6172979.00	16810.86
120.70	6189790.00	16841.96
120.80	6206632.00	16873.11
120.90	6223505.00	16904.29
121.00	6240409.50	16935.50
121.10	6257345.00	16966.75
121.20	6274311.50	16998.03
121.30	6291309.50	17029.35
121.40	6308339.00	17060.70
121.50	6325399.50	17092.09
121.60	6342491.50	17123.51
121.70	6359615.00	17154.97
121.80	6376770.00	17186.47
121.90	6393956.50	17218.00
122.00	6411174.50	17249.56
122.10	6428424.00	17281.16
122.20	6445705.00	17312.79
122.30	6463018.00	17344.46
122.40	6480362.50	17376.17
122.50	6497738.50	17407.91
122.60	6515146.50	17439.69
122.70	6532586.00	17471.50
122.80	6550057.50	17503.35
122.90	6567561.00	17535.23
123.00	6585096.00	17567.15
123.10	6602663.00	17599.10
123.20	6620262.00	17631.09
123.30	6637893.00	17663.12
123.40	6655556.00	17695.18
123.50	6673251.00	17727.28
123.60	6690978.50	17759.41
123.70	6708738.00	17791.58
123.80	6726529.50	17823.79
123.90	6744353.50	17856.03
124.00	6762209.50	17888.30
124.10	6780098.00	17920.62
124.20	6798018.50	17952.97
124.30	6815971.50	17985.35
124.40	6833957.00	18017.77
124.50	6851975.00	18050.23
124.60	6870025.00	18082.72
124.70	6888107.50	18115.25
124.80	6906223.00	18147.82
124.90	6924371.00	18180.42
125.00	6942551.50	18213.06
125.10	6960764.50	18245.74
125.20	6979010.00	18278.45
125.30	6997288.50	18311.20
125.40	7015599.50	18343.98
125.50	7033943.50	18376.80
125.60	7052320.50	18409.66
125.70	7070730.00	18442.55
125.80	7089172.50	18475.48
125.90	7107648.00	18508.45
126.00	7126156.50	18541.46
126.10	7144698.00	18574.50
126.20	7163272.50	18607.57
126.30	7181880.00	18640.69
126.40	7200520.50	18673.84
126.50	7219194.50	18707.03
126.60	7237901.50	18740.26
126.70	7256642.00	18773.52
126.80	7275415.50	18806.82
126.90	7294222.50	18840.16
127.00	7313062.50	18873.54
127.10	7331936.00	18906.95
127.20	7350843.00	18940.40
127.30	7369783.50	18973.88
127.40	7388757.50	19007.41
127.50	7407765.00	19040.97
127.60	7426806.00	19074.56
127.70	7445880.50	19108.20
127.80	7464988.50	19141.87
127.90	7484130.50	19175.58
128.00	7503306.00	19209.33
128.10	7522515.50	19243.12
128.20	7541758.50	19276.94
128.30	7561035.50	19310.80
128.40	7580346.50	19344.70
128.50	7599691.00	19378.63
128.60	7619069.50	19412.61
128.70	7638482.00	19446.62
128.80	7657928.50	19480.67
128.90	7677409.00	19514.76
129.00	7696924.00	19548.88
129.10	7716473.00	19583.05
129.20	7736056.00	19617.25
129.30	7755673.00	19651.49
129.40	7775324.50	19685.77
129.50	7795010.50	19720.08
129.60	7814730.50	19754.44
129.70	7834485.00	19788.83
129.80	7854274.00	19823.26
129.90	7874097.50	19857.73
130.00	7893955.00	19892.24
130.10	7913847.00	19926.79
130.20	7933774.00	19961.38
130.30	7953735.50	19996.00
130.40	7973731.50	20030.66
130.50	7993762.00	20065.36
130.60	8013827.50	20100.10
130.70	8033927.50	20134.88
130.80	8054062.50	20169.70
130.90	8074232.00	20204.56
131.00	8094436.50	20239.46
131.10	8114676.00	20274.39
131.20	8134950.50	20309.36
131.30	8155260.00	20344.37
131.40	8175604.50	20379.42
131.50	8195984.00	20414.52
131.60	8216398.50	20449.65
131.70	8236848.00	20484.82
131.80	8257333.00	20520.03
131.90	8277853.00	20555.27
132.00	8298408.50	20590.56
132.10	8318999.00	20625.89
132.20	8339625.00	20661.25
132.30	8360286.50	20696.66
132.40	8380983.00	20732.11
132.50	8401715.00	20767.59
132.60	8422483.00	20803.12
132.70	8443286.00	20838.68
132.80	8464125.00	20874.29
132.90	8484999.00	20909.93
133.00	8505909.00	20945.61
133.10	8526855.00	20981.34
133.20	8547836.00	21017.10
133.30	8568853.00	21052.91
133.40	8589906.00	21088.75
133.50	8610995.00	21124.63
133.60	8632120.00	21160.56
133.70	8653281.00	21196.53
133.80	8674478.00	21232.53
133.90	8695711.00	21268.58
134.00	8716980.00	21304.66
134.10	8738285.00	21340.79
134.20	8759626.00	21376.96
134.30	8781003.00	21413.17
134.40	8802416.00	21449.42
134.50	8823865.00	21485.71
134.60	8845351.00	21522.04
134.70	8866873.00	21558.41
134.80	8888431.00	21594.82
134.90	8910026.00	21631.27
135.00	8931657.00	21667.77
135.10	8953325.00	21704.30
135.20	8975029.00	21740.88
135.30	8996770.00	21777.50
135.40	9018547.00	21814.15
135.50	9040361.00	21850.85
135.60	9062212.00	21887.60
135.70	9084100.00	21924.38
135.80	9106024.00	21961.20
135.90	9127985.00	21998.07
136.00	9149983.00	22034.98
136.10	9172018.00	22071.93
136.20	9194090.00	22108.92
136.30	9216199.00	22145.95
136.40	9238345.00	22183.02
136.50	9260528.00	22220.14
136.60	9282748.00	22257.30
136.70	9305005.00	22294.50
136.80	9327300.00	22331.74
136.90	9349632.00	22369.03
137.00	9372001.00	22406.35
137.10	9394407.00	22443.72
137.20	9416851.00	22481.13
137.30	9439332.00	22518.59
137.40	9461851.00	22556.08
137.50	9484407.00	22593.62
137.60	9507001.00	22631.20
137.70	9529632.00	22668.82
137.80	9552301.00	22706.49
137.90	9575007.00	22744.20
138.00	9597751.00	22781.95
138.10	9620533.00	22819.75
138.20	9643353.00	22857.58
138.30	9666211.00	22895.46
138.40	9689106.00	22933.39
138.50	9712039.00	22971.36
138.60	9735010.00	23009.37
138.70	9758019.00	23047.42
138.80	9781066.00	23085.51
138.90	9804152.00	23123.65
139.00	9827276.00	23161.84
139.10	9850438.00	23200.06
139.20	9873638.00	23238.33
139.30	9896876.00	23276.65
139.40	9920153.00	23315.01
139.50	9943468.00	23353.41
139.60	9966821.00	23391.85
139.70	9990213.00	23430.34
139.80	10013643.00	23468.87
139.90	10037112.00	23507.45
140.00	10060619.00	23546.07
140.10	10084165.00	23584.74
140.20	10107750.00	23623.45
140.30	10131373.00	23662.20
140.40	10155035.00	23701.00
140.50	10178736.00	23739.84
140.60	10202476.00	23778.73
140.70	10226255.00	23817.66
140.80	10250073.00	23856.63
140.90	10273930.00	23895.66
141.00	10297826.00	23934.72
141.10	10321761.00	23973.83
141.20	10345735.00	24012.99
141.30	10369748.00	24052.19
141.40	10393800.00	24091.44
141.50	10417891.00	24130.73
141.60	10442022.00	24170.06
141.70	10466192.00	24209.45
141.80	10490401.00	24248.87
141.90	10514650.00	24288.35
142.00	10538938.00	24327.86
142.10	10563266.00	24367.43
142.20	10587633.00	24407.04
142.30	10612040.00	24446.69
142.40	10636487.00	24486.39
142.50	10660973.00	24526.14
142.60	10685499.00	24565.93
142.70	10710065.00	24605.77
142.80	10734671.00	24645.65
142.90	10759317.00	24685.58
143.00	10784003.00	24725.56
143.10	10808729.00	24765.58
143.20	10833495.00	24805.65
143.30	10858301.00	24845.77
143.40	10883147.00	24885.93
143.50	10908033.00	24926.14
143.60	10932959.00	24966.40
143.70	10957925.00	25006.70
143.80	10982932.00	25047.05
143.90	11007979.00	25087.45
144.00	11033066.00	25127.89
144.10	11058194.00	25168.38
144.20	11083362.00	25208.92
144.30	11108571.00	25249.51
144.40	11133821.00	25290.14
144.50	11159111.00	25330.82
144.60	11184442.00	25371.55
144.70	11209814.00	25412.32
144.80	11235226.00	25453.14
144.90	11260679.00	25494.02
145.00	11286173.00	25534.93
145.10	11311708.00	25575.90
145.20	11337284.00	25616.92
145.30	11362901.00	25657.98
145.40	11388559.00	25699.09
145.50	11414258.00	25740.25
145.60	11439998.00	25781.46
145.70	11465779.00	25822.71
145.80	11491602.00	25864.02
145.90	11517466.00	25905.37
146.00	11543371.00	25946.77
146.10	11569318.00	25988.22
146.20	11595306.00	26029.72
146.30	11621336.00	26071.27
146.40	11647407.00	26112.87
146.50	11673520.00	26154.52
146.60	11699675.00	26196.21
146.70	11725871.00	26237.96
146.80	11752109.00	26279.75
146.90	11778389.00	26321.60
147.00	11804711.00	26363.49
147.10	11831074.00	26405.43
147.20	11857479.00	26447.42
147.30	11883926.00	26489.47
147.40	11910415.00	26531.56
147.50	11936947.00	26573.70
147.60	11963521.00	26615.89
147.70	11990137.00	26658.14
147.80	12016795.00	26700.43
147.90	12043495.00	26742.77
148.00	12070238.00	26785.17
148.10	12097023.00	26827.61
148.20	12123851.00	26870.11
148.30	12150721.00	26912.65
148.40	12177634.00	26955.25
148.50	12204589.00	26997.90
148.60	12231587.00	27040.60
148.70	12258628.00	27083.35
148.80	12285711.00	27126.15
148.90	12312837.00	27169.00
149.00	12340006.00	27211.90
149.10	12367218.00	27254.86
149.20	12394473.00	27297.87
149.30	12421771.00	27340.92
149.40	12449112.00	27384.03
149.50	12476496.00	27427.20
149.60	12503923.00	27470.41
149.70	12531393.00	27513.68
149.80	12558907.00	27556.99
149.90	12586464.00	27600.37
150.00	12614064.00	27643.79
150.10	12641708.00	27687.26
150.20	12669395.00	27730.79
150.30	12697126.00	27774.37
150.40	12724900.00	27818.00
150.50	12752718.00	27861.69
150.60	12780580.00	27905.43
150.70	12808485.00	27949.22
150.80	12836434.00	27993.07
150.90	12864427.00	28036.97
151.00	12892464.00	28080.92
151.10	12920545.00	28124.93
151.20	12948670.00	28168.98
151.30	12976839.00	28213.10
151.40	13005052.00	28257.26
151.50	13033309.00	28301.48
151.60	13061610.00	28345.76
151.70	13089956.00	28390.09
151.80	13118346.00	28434.47
151.90	13146780.00	28478.91
152.00	13175259.00	28523.40
152.10	13203782.00	28567.95
152.20	13232350.00	28612.55
152.30	13260963.00	28657.21
152.40	13289620.00	28701.92
152.50	13318322.00	28746.68
152.60	13347069.00	28791.50
152.70	13375861.00	28836.38
152.80	13404697.00	28881.31
152.90	13433578.00	28926.29
153.00	13462504.00	28971.34
153.10	13491475.00	29016.44
153.20	13520491.00	29061.59
153.30	13549553.00	29106.80
153.40	13578660.00	29152.06
153.50	13607812.00	29197.39
153.60	13637009.00	29242.76
153.70	13666252.00	29288.20
153.80	13695540.00	29333.69
153.90	13724874.00	29379.23
154.00	13754253.00	29424.84
154.10	13783678.00	29470.50
154.20	13813148.00	29516.21
154.30	13842664.00	29561.99
154.40	13872226.00	29607.82
154.50	13901834.00	29653.71
154.60	13931488.00	29699.66
154.70	13961188.00	29745.66
154.80	13990934.00	29791.72
154.90	14020726.00	29837.84
155.00	14050564.00	29884.02
155.10	14080448.00	29930.25
155.20	14110378.00	29976.55
155.30	14140355.00	30022.90
155.40	14170378.00	30069.31
155.50	14200447.00	30115.78
155.60	14230563.00	30162.30
155.70	14260725.00	30208.89
155.80	14290934.00	30255.54
155.90	14321190.00	30302.24
156.00	14351492.00	30349.00
156.10	14381841.00	30395.82
156.20	14412237.00	30442.70
156.30	14442680.00	30489.64
156.40	14473170.00	30536.64
156.50	14503707.00	30583.70
156.60	14534291.00	30630.82
156.70	14564922.00	30678.00
156.80	14595600.00	30725.24
156.90	14626325.00	30772.54
157.00	14657098.00	30819.90
157.10	14687918.00	30867.32
157.20	14718785.00	30914.80
157.30	14749700.00	30962.35
157.40	14780662.00	31009.95
157.50	14811672.00	31057.61
157.60	14842730.00	31105.34
157.70	14873835.00	31153.12
157.80	14904988.00	31200.97
157.90	14936189.00	31248.88
158.00	14967438.00	31296.85
158.10	14998735.00	31344.89
158.20	15030080.00	31392.98
158.30	15061473.00	31441.14
158.40	15092914.00	31489.36
158.50	15124403.00	31537.64
158.60	15155941.00	31585.98
158.70	15187527.00	31634.39
158.80	15219161.00	31682.86
158.90	15250844.00	31731.39
159.00	15282575.00	31779.99
159.10	15314355.00	31828.64
159.20	15346184.00	31877.37
159.30	15378061.00	31926.15
159.40	15409987.00	31975.00
159.50	15441962.00	32023.92
159.60	15473986.00	32072.89
159.70	15506059.00	32121.93
159.80	15538181.00	32171.04
159.90	15570352.00	32220.21
160.00	15602572.00	32269.44
160.10	15634841.00	32318.74
160.20	15667160.00	32368.11
160.30	15699528.00	32417.54
160.40	15731946.00	32467.03
160.50	15764413.00	32516.59
160.60	15796930.00	32566.21
160.70	15829496.00	32615.90
160.80	15862112.00	32665.66
160.90	15894778.00	32715.48
161.00	15927493.00	32765.37
161.10	15960258.00	32815.32
161.20	15993073.00	32865.34
161.30	16025938.00	32915.43
161.40	16058853.00	32965.58
161.50	16091819.00	33015.80
161.60	16124835.00	33066.09
161.70	16157901.00	33116.45
161.80	16191017.00	33166.87
161.90	16224184.00	33217.36
162.00	16257401.00	33267.91
162.10	16290669.00	33318.54
162.20	16323988.00	33369.23
162.30	16357357.00	33419.99
162.40	16390777.00	33470.82
162.50	16424248.00	33521.72
162.60	16457770.00	33572.68
162.70	16491343.00	33623.72
162.80	16524967.00	33674.82
162.90	16558642.00	33725.99
163.00	16592368.00	33777.23
163.10	16626145.00	33828.55
163.20	16659974.00	33879.93
163.30	16693854.00	33931.38
163.40	16727785.00	33982.89
163.50	16761768.00	34034.48
163.60	16795802.00	34086.14
163.70	16829888.00	34137.88
163.80	16864026.00	34189.68
163.90	16898216.00	34241.55
164.00	16932458.00	34293.49
164.10	16966752.00	34345.50
164.20	17001098.00	34397.59
164.30	17035496.00	34449.75
164.40	17069946.00	34501.97
164.50	17104448.00	34554.27
164.60	17139002.00	34606.64
164.70	17173608.00	34659.09
164.80	17208268.00	34711.61
164.90	17242980.00	34764.20
165.00	17277744.00	34816.86
165.10	17312560.00	34869.59
165.20	17347430.00	34922.40
165.30	17382352.00	34975.28
165.40	17417328.00	35028.23
165.50	17452356.00	35081.26
165.60	17487438.00	35134.36
165.70	17522572.00	35187.54
165.80	17557760.00	35240.79
165.90	17593000.00	35294.11
166.00	17628294.00	35347.51
166.10	17663642.00	35400.98
166.20	17699042.00	35454.53
166.30	17734496.00	35508.15
166.40	17770004.00	35561.85
166.50	17805566.00	35615.62
166.60	17841182.00	35669.48
166.70	17876852.00	35723.40
166.80	17912576.00	35777.40
166.90	17948354.00	35831.48
167.00	17984186.00	35885.64
167.10	18020072.00	35939.87
167.20	18056012.00	35994.18
167.30	18092006.00	36048.56
167.40	18128054.00	36103.02
167.50	18164158.00	36157.56
167.60	18200316.00	36212.18
167.70	18236528.00	36266.88
167.80	18272794.00	36321.65
167.90	18309116.00	36376.50
168.00	18345492.00	36431.43
168.10	18381924.00	36486.44
168.20	18418410.00	36541.52
168.30	18454952.00	36596.69
168.40	18491548.00	36651.94
168.50	18528200.00	36707.26
168.60	18564908.00	36762.67
168.70	18601670.00	36818.15
168.80	18638488.00	36873.72
168.90	18675362.00	36929.36
169.00	18712292.00	36985.09
169.10	18749278.00	37040.90
169.20	18786318.00	37096.79
169.30	18823414.00	37152.75
169.40	18860566.00	37208.80
169.50	18897774.00	37264.94
169.60	18935038.00	37321.15
169.70	18972360.00	37377.45
169.80	19009738.00	37433.83
169.90	19047172.00	37490.29
170.00	19084662.00	37546.83
170.10	19122208.00	37603.46
170.20	19159812.00	37660.17
170.30	19197472.00	37716.96
170.40	19235188.00	37773.84
170.50	19272962.00	37830.80
170.60	19310792.00	37887.84
170.70	19348680.00	37944.97
170.80	19386624.00	38002.18
170.90	19424626.00	38059.48
171.00	19462686.00	38116.86
171.10	19500802.00	38174.33
171.20	19538976.00	38231.89
171.30	19577208.00	38289.53
171.40	19615498.00	38347.25
171.50	19653846.00	38405.07
171.60	19692252.00	38462.96
171.70	19730714.00	38520.95
171.80	19769234.00	38579.02
171.90	19807814.00	38637.18
172.00	19846452.00	38695.43
172.10	19885148.00	38753.77
172.20	19923902.00	38812.19
172.30	19962714.00	38870.70
172.40	20001584.00	38929.30
172.50	20040514.00	38987.98
172.60	20079502.00	39046.76
172.70	20118548.00	39105.63
172.80	20157654.00	39164.59
172.90	20196818.00	39223.63
173.00	20236042.00	39282.77
173.10	20275324.00	39342.00
173.20	20314666.00	39401.31
173.30	20354068.00	39460.72
173.40	20393528.00	39520.21
173.50	20433048.00	39579.80
173.60	20472628.00	39639.48
173.70	20512268.00	39699.26
173.80	20551968.00	39759.12
173.90	20591728.00	39819.08
174.00	20631548.00	39879.12
174.10	20671428.00	39939.27
174.20	20711368.00	39999.50
174.30	20751368.00	40059.83
174.40	20791428.00	40120.25
174.50	20831548.00	40180.77
174.60	20871728.00	40241.38
174.70	20911970.00	40302.08
174.80	20952272.00	40362.88
174.90	20992634.00	40423.77
175.00	21033058.00	40484.76
175.10	21073542.00	40545.85
175.20	21114088.00	40607.03
175.30	21154696.00	40668.30
175.40	21195364.00	40729.68
175.50	21236094.00	40791.15
175.60	21276886.00	40852.71
175.70	21317738.00	40914.38
175.80	21358652.00	40976.14
175.90	21399628.00	41038.00
176.00	21440666.00	41099.96
176.10	21481766.00	41162.02
176.20	21522928.00	41224.17
176.30	21564152.00	41286.43
176.40	21605438.00	41348.78
176.50	21646786.00	41411.23
176.60	21688198.00	41473.79
176.70	21729672.00	41536.44
176.80	21771208.00	41599.20
176.90	21812808.00	41662.05
177.00	21854470.00	41725.01
177.10	21896196.00	41788.07
177.20	21937984.00	41851.23
177.30	21979836.00	41914.49
177.40	22021750.00	41977.85
177.50	22063728.00	42041.32
177.60	22105770.00	42104.89
177.70	22147874.00	42168.57
177.80	22190042.00	42232.34
177.90	22232274.00	42296.23
178.00	22274570.00	42360.21
178.10	22316930.00	42424.30
178.20	22359354.00	42488.50
178.30	22401842.00	42552.80
178.40	22444394.00	42617.20
178.50	22487012.00	42681.71
178.60	22529694.00	42746.34
178.70	22572440.00	42811.06
178.80	22615252.00	42875.89
178.90	22658128.00	42940.84
179.00	22701068.00	43005.88
179.10	22744074.00	43071.04
179.20	22787146.00	43136.30
179.30	22830282.00	43201.68
179.40	22873484.00	43267.16
179.50	22916752.00	43332.75
179.60	22960084.00	43398.45
179.70	23003482.00	43464.27
179.80	23046946.00	43530.19
179.90	23090476.00	43596.22
180.00	23134072.00	43662.36
180.10	23177734.00	43728.62
180.20	23221462.00	43794.98
180.30	23265256.00	43861.46
180.40	23309118.00	43928.06
180.50	23353046.00	43994.77
180.60	23397040.00	44061.59
180.70	23441102.00	44128.52
180.80	23485230.00	44195.57
180.90	23529426.00	44262.73
181.00	23573688.00	44330.00
181.10	23618018.00	44397.39
181.20	23662416.00	44464.90
181.30	23706880.00	44532.53
181.40	23751412.00	44600.27
181.50	23796012.00	44668.12
181.60	23840680.00	44736.09
181.70	23885416.00	44804.18
181.80	23930220.00	44872.39
181.90	23975092.00	44940.72
182.00	24020032.00	45009.17
182.10	24065042.00	45077.73
182.20	24110120.00	45146.42
182.30	24155266.00	45215.22
182.40	24200482.00	45284.15
182.50	24245766.00	45353.20
182.60	24291120.00	45422.36
182.70	24336542.00	45491.65
182.80	24382034.00	45561.06
182.90	24427596.00	45630.60
183.00	24473226.00	45700.25
183.10	24518926.00	45770.04
183.20	24564696.00	45839.94
183.30	24610536.00	45909.96
183.40	24656446.00	45980.12
183.50	24702426.00	46050.39
183.60	24748476.00	46120.80
183.70	24794596.00	46191.32
183.80	24840788.00	46261.98
183.90	24887050.00	46332.76
184.00	24933382.00	46403.66
184.10	24979786.00	46474.70
184.20	25026260.00	46545.86
184.30	25072806.00	46617.16
184.40	25119424.00	46688.58
184.50	25166112.00	46760.13
184.60	25212872.00	46831.81
184.70	25259704.00	46903.62
184.80	25306608.00	46975.56
184.90	25353584.00	47047.63
185.00	25400632.00	47119.84
185.10	25447752.00	47192.17
185.20	25494944.00	47264.64
185.30	25542208.00	47337.24
185.40	25589546.00	47409.98
185.50	25636956.00	47482.85
185.60	25684438.00	47555.85
185.70	25731994.00	47628.99
185.80	25779622.00	47702.27
185.90	25827324.00	47775.68
186.00	25875100.00	47849.22
186.10	25922950.00	47922.91
186.20	25970872.00	47996.73
186.30	26018868.00	48070.69
186.40	26066938.00	48144.79
186.50	26115082.00	48219.02
186.60	26163302.00	48293.40
186.70	26211596.00	48367.91
186.80	26259964.00	48442.57
186.90	26308406.00	48517.37
187.00	26356924.00	48592.30
187.10	26405516.00	48667.39
187.20	26454184.00	48742.61
187.30	26502926.00	48817.98
187.40	26551744.00	48893.49
187.50	26600638.00	48969.14
187.60	26649608.00	49044.95
187.70	26698652.00	49120.89
187.80	26747772.00	49196.98
187.90	26796968.00	49273.22
188.00	26846242.00	49349.60
188.10	26895592.00	49426.13
188.20	26945018.00	49502.81
188.30	26994520.00	49579.64
188.40	27044100.00	49656.62
188.50	27093756.00	49733.74
188.60	27143490.00	49811.02
188.70	27193302.00	49888.45
188.80	27243190.00	49966.02
188.90	27293156.00	50043.75
189.00	27343200.00	50121.64
189.10	27393322.00	50199.67
189.20	27443522.00	50277.86
189.30	27493800.00	50356.21
189.40	27544156.00	50434.71
189.50	27594590.00	50513.36
189.60	27645104.00	50592.18
189.70	27695696.00	50671.14
189.80	27746368.00	50750.27
189.90	27797118.00	50829.55
190.00	27847948.00	50908.99
190.10	27898856.00	50988.59
190.20	27949844.00	51068.36
190.30	28000912.00	51148.28
190.40	28052060.00	51228.36
190.50	28103288.00	51308.60
190.60	28154596.00	51389.01
190.70	28205986.00	51469.58
190.80	28257456.00	51550.31
190.90	28309006.00	51631.21
191.00	28360638.00	51712.27
191.10	28412350.00	51793.50
191.20	28464144.00	51874.89
191.30	28516018.00	51956.46
191.40	28567974.00	52038.19
191.50	28620012.00	52120.09
191.60	28672132.00	52202.15
191.70	28724334.00	52284.39
191.80	28776618.00	52366.79
191.90	28828984.00	52449.37
192.00	28881434.00	52532.12
192.10	28933966.00	52615.04
192.20	28986582.00	52698.14
192.30	29039280.00	52781.41
192.40	29092062.00	52864.85
192.50	29144926.00	52948.46
192.60	29197874.00	53032.26
192.70	29250906.00	53116.23
192.80	29304022.00	53200.38
192.90	29357222.00	53284.71
193.00	29410506.00	53369.21
193.10	29463876.00	53453.90
193.20	29517330.00	53538.77
193.30	29570868.00	53623.82
193.40	29624492.00	53709.05
193.50	29678202.00	53794.46
193.60	29731996.00	53880.06
193.70	29785876.00	53965.84
193.80	29839842.00	54051.80
193.90	29893894.00	54137.96
194.00	29948032.00	54224.29
194.10	30002256.00	54310.82
194.20	30056566.00	54397.53
194.30	30110964.00	54484.43
194.40	30165448.00	54571.53
194.50	30220020.00	54658.81
194.60	30274678.00	54746.29
194.70	30329424.00	54833.96
194.80	30384258.00	54921.82
194.90	30439180.00	55009.87
195.00	30494190.00	55098.12
195.10	30549288.00	55186.57
195.20	30604474.00	55275.21
195.30	30659750.00	55364.05
195.40	30715114.00	55453.09
195.50	30770568.00	55542.32
195.60	30826110.00	55631.76
195.70	30881742.00	55721.40
195.80	30937464.00	55811.24
195.90	30993276.00	55901.28
196.00	31049178.00	55991.53
196.10	31105170.00	56081.98
196.20	31161252.00	56172.63
196.30	31217424.00	56263.50
196.40	31273688.00	56354.57
196.50	31330042.00	56445.84
196.60	31386488.00	56537.33
196.70	31443026.00	56629.03
196.80	31499656.00	56720.94
196.90	31556376.00	56813.06
197.00	31613190.00	56905.40
197.10	31670096.00	56997.95
197.20	31727094.00	57090.71
197.30	31784184.00	57183.69
197.40	31841368.00	57276.88
197.50	31898644.00	57370.30
197.60	31956014.00	57463.93
197.70	32013478.00	57557.78
197.80	32071036.00	57651.86
197.90	32128688.00	57746.15
198.00	32186434.00	57840.67
198.10	32244274.00	57935.41
198.20	32302210.00	58030.38
198.30	32360240.00	58125.58
198.40	32418366.00	58221.00
198.50	32476588.00	58316.65
198.60	32534904.00	58412.53
198.70	32593316.00	58508.64
198.80	32651824.00	58604.98
198.90	32710428.00	58701.56
199.00	32769130.00	58798.37
199.10	32827928.00	58895.41
199.20	32886824.00	58992.69
199.30	32945816.00	59090.21
199.40	33004906.00	59187.97
199.50	33064094.00	59285.96
199.60	33123380.00	59384.20
199.70	33182764.00	59482.68
199.80	33242246.00	59581.41
199.90	33301828.00	59680.37
200.00	33361508.00	59779.58
200.10	33421288.00	59879.04
200.20	33481168.00	59978.75
200.30	33541146.00	60078.70
200.40	33601224.00	60178.91
200.50	33661404.00	60279.37
200.60	33721684.00	60380.08
200.70	33782064.00	60481.04
200.80	33842544.00	60582.26
200.90	33903128.00	60683.74
201.00	33963812.00	60785.47
201.10	34024596.00	60887.47
201.20	34085484.00	60989.72
201.30	34146472.00	61092.24
201.40	34207564.00	61195.02
201.50	34268760.00	61298.07
201.60	34330060.00	61401.38
201.70	34391460.00	61504.96
201.80	34452964.00	61608.80
201.90	34514572.00	61712.92
202.00	34576284.00	61817.31
202.10	34638100.00	61921.97
202.20	34700020.00	62026.91
202.30	34762048.00	62132.12
202.40	34824180.00	62237.61
202.50	34886416.00	62343.38
202.60	34948760.00	62449.43
202.70	35011208.00	62555.75
202.80	35073764.00	62662.37
202.90	35136428.00	62769.27
203.00	35199196.00	62876.45
203.10	35262072.00	62983.92
203.20	35325056.00	63091.68
203.30	35388148.00	63199.73
203.40	35451348.00	63308.08
203.50	35514656.00	63416.71
203.60	35578072.00	63525.65
203.70	35641596.00	63634.88
203.80	35705232.00	63744.41
203.90	35768976.00	63854.23
204.00	35832832.00	63964.36
204.10	35896796.00	64074.80
204.20	35960872.00	64185.54
204.30	36025056.00	64296.58
204.40	36089352.00	64407.94
204.50	36153760.00	64519.60
204.60	36218280.00	64631.58
204.70	36282912.00	64743.87
204.80	36347656.00	64856.47
204.90	36412512.00	64969.39
205.00	36477480.00	65082.64
205.10	36542564.00	65196.20
205.20	36607760.00	65310.09
205.30	36673072.00	65424.30
205.40	36738496.00	65538.84
205.50	36804036.00	65653.70
205.60	36869688.00	65768.90
205.70	36935456.00	65884.42
205.80	37001340.00	66000.28
205.90	37067340.00	66116.48
206.00	37133456.00	66233.01
206.10	37199688.00	66349.88
206.20	37266036.00	66467.10
206.30	37332504.00	66584.66
206.40	37399088.00	66702.57
206.50	37465792.00	66820.82
206.60	37532612.00	66939.42
206.70	37599552.00	67058.38
206.80	37666612.00	67177.68
206.90	37733788.00	67297.34
207.00	37801084.00	67417.37
207.10	37868500.00	67537.75
207.20	37936036.00	67658.49
207.30	38003696.00	67779.60
207.40	38071476.00	67901.08
207.50	38139376.00	68022.92
207.60	38207400.00	68145.14
207.70	38275544.00	68267.73
207.80	38343812.00	68390.69
207.90	38412204.00	68514.03
208.00	38480720.00	68637.76
208.10	38549356.00	68761.87
208.20	38618116.00	68886.36
208.30	38687004.00	69011.23
208.40	38756016.00	69136.50
208.50	38825152.00	69262.16
208.60	38894416.00	69388.22
208.70	38963804.00	69514.67
208.80	39033320.00	69641.52
208.90	39102960.00	69768.77
209.00	39172728.00	69896.43
209.10	39242624.00	70024.49
209.20	39312648.00	70152.97
209.30	39382800.00	70281.86
209.40	39453080.00	70411.16
209.50	39523492.00	70540.88
209.60	39594032.00	70671.02
209.70	39664704.00	70801.59
209.80	39735504.00	70932.58
209.90	39806436.00	71064.00
210.00	39877500.00	71195.85
210.10	39948696.00	71328.14
210.20	40020024.00	71460.87
210.30	40091484.00	71594.03
210.40	40163080.00	71727.64
210.50	40234808.00	71861.70
210.60	40306668.00	71996.20
210.70	40378664.00	72131.15
210.80	40450796.00	72266.55
210.90	40523064.00	72402.42
211.00	40595468.00	72538.75
211.10	40668008.00	72675.54
211.20	40740684.00	72812.80
211.30	40813496.00	72950.52
211.40	40886448.00	73088.73
211.50	40959536.00	73227.41
211.60	41032764.00	73366.57
211.70	41106132.00	73506.22
211.80	41179640.00	73646.35
211.90	41253288.00	73786.98
212.00	41327076.00	73928.09
212.10	41401004.00	74069.71
212.20	41475072.00	74211.83
212.30	41549284.00	74354.45
212.40	41623640.00	74497.57
212.50	41698136.00	74641.21
212.60	41772776.00	74785.37
212.70	41847560.00	74930.04
212.80	41922492.00	75075.23
212.90	41997568.00	75220.95
213.00	42072788.00	75367.20
213.10	42148156.00	75513.99
213.20	42223668.00	75661.32
213.30	42299328.00	75809.19
213.40	42375136.00	75957.60
213.50	42451092.00	76106.56
213.60	42527200.00	76256.08
213.70	42603456.00	76406.16
213.80	42679864.00	76556.80
213.90	42756420.00	76708.00
214.00	42833128.00	76859.77
214.10	42909988.00	77012.12
214.20	42987000.00	77165.05
214.30	43064164.00	77318.57
214.40	43141484.00	77472.67
214.50	43218956.00	77627.37
214.60	43296584.00	77782.66
214.70	43374368.00	77938.56
214.80	43452308.00	78095.06
214.90	43530404.00	78252.18
215.00	43608656.00	78409.91
215.10	43687064.00	78568.27
215.20	43765632.00	78727.24
215.30	43844360.00	78886.85
215.40	43923248.00	79047.09
215.50	44002296.00	79207.98
215.60	44081504.00	79369.52
215.70	44160872.00	79531.70
215.80	44240404.00	79694.55
215.90	44320100.00	79858.05
216.00	44399960.00	80022.22
216.10	44479984.00	80187.06
216.20	44560172.00	80352.59
216.30	44640524.00	80518.79
216.40	44721044.00	80685.69
216.50	44801728.00	80853.28
216.60	44882580.00	81021.58
216.70	44963600.00	81190.58
216.80	45044792.00	81360.29
216.90	45126152.00	81530.72
217.00	45207684.00	81701.88
217.10	45289384.00	81873.77
217.20	45371256.00	82046.39
217.30	45453304.00	82219.76
217.40	45535524.00	82393.88
217.50	45617916.00	82568.76
217.60	45700484.00	82744.40
217.70	45783228.00	82920.81
217.80	45866148.00	83098.00
217.90	45949248.00	83275.98
218.00	46032524.00	83454.74
218.10	46115980.00	83634.30
218.20	46199616.00	83814.67
218.30	46283432.00	83995.85
218.40	46367428.00	84177.85
218.50	46451604.00	84360.68
218.60	46535964.00	84544.34
218.70	46620508.00	84728.84
218.80	46705236.00	84914.19
218.90	46790152.00	85100.40
219.00	46875252.00	85287.48
219.10	46960540.00	85475.43
219.20	47046016.00	85664.26
219.30	47131680.00	85853.98
219.40	47217532.00	86044.59
219.50	47303576.00	86236.12
219.60	47389812.00	86428.57
219.70	47476240.00	86621.94
219.80	47562860.00	86816.24
219.90	47649676.00	87011.48
220.00	47736688.00	87207.68
220.10	47823896.00	87404.84
220.20	47911300.00	87602.96
220.30	47998904.00	87802.07
220.40	48086708.00	88002.17
220.50	48174712.00	88203.27
220.60	48262916.00	88405.38
220.70	48351320.00	88608.51
220.80	48439928.00	88812.66
220.90	48528740.00	89017.86
221.00	48617756.00	89224.11
221.10	48706980.00	89431.42
221.20	48796412.00	89639.80
221.30	48886052.00	89849.27
221.40	48975900.00	90059.84
221.50	49065960.00	90271.51
221.60	49156232.00	90484.30
221.70	49246716.00	90698.22
221.80	49337416.00	90913.28
221.90	49428328.00	91129.50
222.00	49519456.00	91346.89
222.10	49610804.00	91565.46
222.20	49702368.00	91785.22
222.30	49794152.00	92006.19
222.40	49886160.00	92228.38
222.50	49978388.00	92451.80
222.60	50070840.00	92676.46
222.70	50163516.00	92902.39
222.80	50256420.00	93129.59
222.90	50349548.00	93358.09
223.00	50442908.00	93587.88
223.10	50536496.00	93819.00
223.20	50630316.00	94051.45
223.30	50724368.00	94285.24
223.40	50818652.00	94520.41
223.50	50913172.00	94756.95
223.60	51007928.00	94994.90
223.70	51102924.00	95234.26
223.80	51198160.00	95475.05
223.90	51293636.00	95717.28
224.00	51389352.00	95960.98
224.10	51485312.00	96206.17
224.10	51485312.00	96206.17
