0.10	0.02	1.14
0.20	1.16	2.27
0.30	3.43	3.39
0.40	6.82	4.49
0.50	11.31	5.55
0.60	16.86	6.58
0.70	23.44	7.56
0.80	31.00	8.48
0.90	39.48	9.35
1.00	48.82	10.15
1.10	58.98	10.90
1.20	69.88	11.59
1.30	81.47	12.21
1.40	93.68	12.79
1.50	106.47	13.30
1.60	119.77	13.77
1.70	133.54	14.19
1.80	147.72	14.56
1.90	162.29	14.90
2.00	177.18	15.20
2.10	192.38	15.47
2.20	207.85	15.71
2.30	223.56	15.92
2.40	239.49	16.12
2.50	255.60	16.29
2.60	271.89	16.44
2.70	288.33	16.58
2.80	304.91	16.71
2.90	321.62	16.82
3.00	338.44	16.92
3.10	355.36	17.02
3.20	372.38	17.11
3.30	389.49	17.19
3.40	406.67	17.26
3.50	423.93	17.33
3.60	441.26	17.39
3.70	458.66	17.45
3.80	476.11	17.51
3.90	493.62	17.57
4.00	511.19	17.62
4.10	528.81	17.67
4.20	546.48	17.72
4.30	564.20	17.77
4.40	581.96	17.81
4.50	599.77	17.86
4.60	617.63	17.90
4.70	635.53	17.94
4.80	653.47	17.98
4.90	671.45	18.03
5.00	689.48	18.07
5.10	707.54	18.11
5.20	725.65	18.15
5.30	743.80	18.19
5.40	761.98	18.23
5.50	780.21	18.27
5.60	798.48	18.31
5.70	816.78	18.35
5.80	835.13	18.38
5.90	853.51	18.42
6.00	871.94	18.46
6.10	890.40	18.50
6.20	908.90	18.54
6.30	927.44	18.58
6.40	946.02	18.62
6.50	964.64	18.66
6.60	983.30	18.70
6.70	1002.00	18.74
6.80	1020.73	18.78
6.90	1039.51	18.82
7.00	1058.33	18.85
7.10	1077.18	18.89
7.20	1096.07	18.93
7.30	1115.01	18.97
7.40	1133.98	19.01
7.50	1153.00	19.05
7.60	1172.05	19.09
7.70	1191.14	19.13
7.80	1210.28	19.17
7.90	1229.45	19.21
8.00	1248.66	19.25
8.10	1267.92	19.29
8.20	1287.21	19.33
8.30	1306.55	19.38
8.40	1325.92	19.42
8.50	1345.34	19.46
8.60	1364.79	19.50
8.70	1384.29	19.54
8.80	1403.83	19.58
8.90	1423.41	19.62
9.00	1443.03	19.66
9.10	1462.70	19.70
9.20	1482.40	19.75
9.30	1502.15	19.79
9.40	1521.94	19.83
9.50	1541.77	19.87
9.60	1561.64	19.91
9.70	1581.55	19.96
9.80	1601.51	20.00
9.90	1621.50	20.04
10.00	1641.55	20.08
10.10	1661.63	20.13
10.20	1681.75	20.17
10.30	1701.92	20.21
10.40	1722.13	20.25
10.50	1742.39	20.30
10.60	1762.69	20.34
10.70	1783.03	20.38
10.80	1803.41	20.43
10.90	1823.84	20.47
11.00	1844.31	20.52
11.10	1864.82	20.56
11.20	1885.38	20.60
11.30	1905.99	20.65
11.40	1926.63	20.69
11.50	1947.32	20.74
11.60	1968.06	20.78
11.70	1988.84	20.82
11.80	2009.67	20.87
11.90	2030.54	20.91
12.00	2051.45	20.96
12.10	2072.41	21.00
12.20	2093.41	21.05
12.30	2114.46	21.10
12.40	2135.56	21.14
12.50	2156.70	21.19
12.60	2177.89	21.23
12.70	2199.12	21.28
12.80	2220.40	21.32
12.90	2241.72	21.37
13.00	2263.10	21.42
13.10	2284.51	21.46
13.20	2305.98	21.51
13.30	2327.49	21.56
13.40	2349.05	21.60
13.50	2370.65	21.65
13.60	2392.30	21.70
13.70	2414.00	21.75
13.80	2435.75	21.79
13.90	2457.54	21.84
14.00	2479.39	21.89
14.10	2501.28	21.94
14.20	2523.21	21.99
14.30	2545.20	22.03
14.40	2567.23	22.08
14.50	2589.32	22.13
14.60	2611.45	22.18
14.70	2633.63	22.23
14.80	2655.86	22.28
14.90	2678.14	22.33
15.00	2700.47	22.38
15.10	2722.84	22.43
15.20	2745.27	22.48
15.30	2767.75	22.53
15.40	2790.27	22.58
15.50	2812.85	22.63
15.60	2835.48	22.68
15.70	2858.16	22.73
15.80	2880.88	22.78
15.90	2903.66	22.83
16.00	2926.49	22.88
16.10	2949.37	22.93
16.20	2972.31	22.98
16.30	2995.29	23.04
16.40	3018.33	23.09
16.50	3041.41	23.14
16.60	3064.55	23.19
16.70	3087.74	23.24
16.80	3110.99	23.30
16.90	3134.28	23.35
17.00	3157.63	23.40
17.10	3181.04	23.46
17.20	3204.49	23.51
17.30	3228.00	23.56
17.40	3251.56	23.62
17.50	3275.18	23.67
17.60	3298.85	23.72
17.70	3322.57	23.78
17.80	3346.35	23.83
17.90	3370.18	23.89
18.00	3394.06	23.94
18.10	3418.01	24.00
18.20	3442.00	24.05
18.30	3466.05	24.11
18.40	3490.16	24.16
18.50	3514.32	24.22
18.60	3538.54	24.27
18.70	3562.81	24.33
18.80	3587.15	24.39
18.90	3611.53	24.44
19.00	3635.98	24.50
19.10	3660.48	24.56
19.20	3685.03	24.61
19.30	3709.65	24.67
19.40	3734.32	24.73
19.50	3759.05	24.79
19.60	3783.84	24.85
19.70	3808.68	24.90
19.80	3833.59	24.96
19.90	3858.55	25.02
20.00	3883.57	25.08
20.10	3908.65	25.14
20.20	3933.79	25.20
20.30	3958.99	25.26
20.40	3984.24	25.32
20.50	4009.56	25.38
20.60	4034.94	25.44
20.70	4060.38	25.50
20.80	4085.88	25.56
20.90	4111.44	25.62
21.00	4137.06	25.68
21.10	4162.74	25.74
21.20	4188.48	25.81
21.30	4214.29	25.87
21.40	4240.16	25.93
21.50	4266.09	25.99
21.60	4292.08	26.06
21.70	4318.14	26.12
21.80	4344.25	26.18
21.90	4370.43	26.24
22.00	4396.68	26.31
22.10	4422.99	26.37
22.20	4449.36	26.44
22.30	4475.80	26.50
22.40	4502.30	26.57
22.50	4528.87	26.63
22.60	4555.50	26.70
22.70	4582.19	26.76
22.80	4608.96	26.83
22.90	4635.78	26.89
23.00	4662.68	26.96
23.10	4689.64	27.03
23.20	4716.67	27.09
23.30	4743.76	27.16
23.40	4770.92	27.23
23.50	4798.15	27.30
23.60	4825.45	27.37
23.70	4852.81	27.43
23.80	4880.25	27.50
23.90	4907.75	27.57
24.00	4935.32	27.64
24.10	4962.96	27.71
24.20	4990.67	27.78
24.30	5018.45	27.85
24.40	5046.30	27.92
24.50	5074.22	27.99
24.60	5102.22	28.06
24.70	5130.28	28.13
24.80	5158.41	28.21
24.90	5186.62	28.28
25.00	5214.90	28.35
25.10	5243.25	28.42
25.20	5271.67	28.50
25.30	5300.17	28.57
25.40	5328.74	28.64
25.50	5357.38	28.72
25.60	5386.10	28.79
25.70	5414.89	28.87
25.80	5443.75	28.94
25.90	5472.70	29.02
26.00	5501.71	29.09
26.10	5530.80	29.17
26.20	5559.97	29.24
26.30	5589.22	29.32
26.40	5618.54	29.40
26.50	5647.94	29.48
26.60	5677.41	29.55
26.70	5706.97	29.63
26.80	5736.60	29.71
26.90	5766.31	29.79
27.00	5796.10	29.87
27.10	5825.97	29.95
27.20	5855.92	30.03
27.30	5885.95	30.11
27.40	5916.06	30.19
27.50	5946.25	30.27
27.60	5976.52	30.35
27.70	6006.87	30.43
27.80	6037.30	30.52
27.90	6067.82	30.60
28.00	6098.42	30.68
28.10	6129.10	30.77
28.20	6159.87	30.85
28.30	6190.72	30.94
28.40	6221.66	31.02
28.50	6252.68	31.11
28.60	6283.78	31.19
28.70	6314.97	31.28
28.80	6346.25	31.36
28.90	6377.61	31.45
29.00	6409.07	31.54
29.10	6440.60	31.63
29.20	6472.23	31.71
29.30	6503.94	31.80
29.40	6535.75	31.89
29.50	6567.64	31.98
29.60	6599.62	32.07
29.70	6631.69	32.16
29.80	6663.86	32.25
29.90	6696.11	32.35
30.00	6728.46	32.44
30.10	6760.89	32.53
30.20	6793.42	32.62
30.30	6826.05	32.72
30.40	6858.76	32.81
30.50	6891.57	32.90
30.60	6924.48	33.00
30.70	6957.48	33.10
30.80	6990.57	33.19
30.90	7023.76	33.29
31.00	7057.05	33.38
31.10	7090.44	33.48
31.20	7123.92	33.58
31.30	7157.50	33.68
31.40	7191.18	33.78
31.50	7224.96	33.88
31.60	7258.84	33.98
31.70	7292.81	34.08
31.80	7326.89	34.18
31.90	7361.07	34.28
32.00	7395.36	34.39
32.10	7429.74	34.49
32.20	7464.23	34.59
32.30	7498.82	34.70
32.40	7533.52	34.80
32.50	7568.32	34.91
32.60	7603.23	35.01
32.70	7638.24	35.12
32.80	7673.36	35.23
32.90	7708.58	35.33
33.00	7743.92	35.44
33.10	7779.36	35.55
33.20	7814.91	35.66
33.30	7850.57	35.77
33.40	7886.35	35.88
33.50	7922.23	35.99
33.60	7958.23	36.11
33.70	7994.33	36.22
33.80	8030.55	36.33
33.90	8066.89	36.45
34.00	8103.34	36.56
34.10	8139.90	36.68
34.20	8176.58	36.80
34.30	8213.38	36.91
34.40	8250.29	37.03
34.50	8287.32	37.15
34.60	8324.47	37.27
34.70	8361.74	37.39
34.80	8399.13	37.51
34.90	8436.64	37.63
35.00	8474.27	37.75
35.10	8512.02	37.88
35.20	8549.90	38.00
35.30	8587.90	38.13
35.40	8626.03	38.25
35.50	8664.28	38.38
35.60	8702.66	38.50
35.70	8741.16	38.63
35.80	8779.79	38.76
35.90	8818.55	38.89
36.00	8857.45	39.02
36.10	8896.47	39.15
36.20	8935.62	39.28
36.30	8974.90	39.42
36.40	9014.32	39.55
36.50	9053.87	39.69
36.60	9093.56	39.82
36.70	9133.38	39.96
36.80	9173.34	40.10
36.90	9213.43	40.23
37.00	9253.67	40.37
37.10	9294.04	40.51
37.20	9334.55	40.65
37.30	9375.21	40.80
37.40	9416.00	40.94
37.50	9456.94	41.08
37.60	9498.03	41.23
37.70	9539.25	41.37
37.80	9580.63	41.52
37.90	9622.15	41.67
38.00	9663.82	41.82
38.10	9705.64	41.97
38.20	9747.61	42.12
38.30	9789.73	42.27
38.40	9832.00	42.43
38.50	9874.43	42.58
38.60	9917.01	42.74
38.70	9959.75	42.89
38.80	10002.64	43.05
38.90	10045.69	43.21
39.00	10088.90	43.37
39.10	10132.27	43.53
39.20	10175.80	43.69
39.30	10219.50	43.86
39.40	10263.36	44.02
39.50	10307.38	44.19
39.60	10351.57	44.36
39.70	10395.92	44.53
39.80	10440.45	44.70
39.90	10485.15	44.87
40.00	10530.01	45.04
40.10	10575.05	45.21
40.20	10620.26	45.39
40.30	10665.65	45.56
40.40	10711.22	45.74
40.50	10756.96	45.92
40.60	10802.88	46.10
40.70	10848.99	46.29
40.80	10895.27	46.47
40.90	10941.74	46.65
41.00	10988.39	46.84
41.10	11035.23	47.03
41.20	11082.26	47.22
41.30	11129.48	47.41
41.40	11176.89	47.60
41.50	11224.49	47.80
41.60	11272.29	47.99
41.70	11320.28	48.19
41.80	11368.46	48.39
41.90	11416.85	48.59
42.00	11465.44	48.79
42.10	11514.23	48.99
42.20	11563.22	49.20
42.30	11612.42	49.41
42.40	11661.83	49.62
42.50	11711.45	49.83
42.60	11761.28	50.04
42.70	11811.32	50.25
42.80	11861.57	50.47
42.90	11912.04	50.69
43.00	11962.73	50.91
43.10	12013.64	51.13
43.20	12064.77	51.36
43.30	12116.13	51.58
43.40	12167.71	51.81
43.50	12219.52	52.04
43.60	12271.56	52.27
43.70	12323.83	52.51
43.80	12376.34	52.74
43.90	12429.08	52.98
44.00	12482.06	53.22
44.10	12535.28	53.46
44.20	12588.75	53.71
44.30	12642.46	53.96
44.40	12696.42	54.21
44.50	12750.62	54.46
44.60	12805.08	54.71
44.70	12859.79	54.97
44.80	12914.76	55.23
44.90	12969.99	55.49
45.00	13025.48	55.75
45.10	13081.23	56.02
45.20	13137.25	56.29
45.30	13193.54	56.56
45.40	13250.11	56.84
45.50	13306.94	57.11
45.60	13364.06	57.39
45.70	13421.45	57.68
45.80	13479.12	57.96
45.90	13537.09	58.25
46.00	13595.34	58.54
46.10	13653.88	58.83
46.20	13712.71	59.13
46.30	13771.84	59.43
46.40	13831.28	59.74
46.50	13891.01	60.04
46.60	13951.05	60.35
46.70	14011.41	60.66
46.80	14072.07	60.98
46.90	14133.05	61.30
47.00	14194.35	61.62
47.10	14255.97	61.95
47.20	14317.92	62.28
47.30	14380.20	62.61
47.40	14442.81	62.95
47.50	14505.75	63.29
47.60	14569.04	63.63
47.70	14632.67	63.98
47.80	14696.65	64.33
47.90	14760.98	64.69
48.00	14825.67	65.05
48.10	14890.72	65.41
48.20	14956.13	65.78
48.30	15021.90	66.15
48.40	15088.05	66.53
48.50	15154.58	66.91
48.60	15221.48	67.29
48.70	15288.77	67.68
48.80	15356.45	68.07
48.90	15424.53	68.47
49.00	15493.00	68.87
49.10	15561.87	69.28
49.20	15631.15	69.69
49.30	15700.85	70.11
49.40	15770.96	70.53
49.50	15841.49	70.96
49.60	15912.45	71.39
49.70	15983.85	71.83
49.80	16055.68	72.27
49.90	16127.95	72.72
50.00	16200.67	73.18
50.10	16273.85	73.64
50.20	16347.49	74.10
50.30	16421.59	74.57
50.40	16496.16	75.05
50.50	16571.21	75.53
50.60	16646.75	76.02
50.70	16722.78	76.52
50.80	16799.29	77.02
50.90	16876.32	77.53
51.00	16953.85	78.05
51.10	17031.90	78.57
51.20	17110.46	79.10
51.30	17189.56	79.63
51.40	17269.20	80.18
51.50	17349.38	80.73
51.60	17430.10	81.29
51.70	17511.39	81.85
51.80	17593.24	82.43
51.90	17675.67	83.01
52.00	17758.67	83.60
52.10	17842.27	84.19
52.20	17926.46	84.80
52.30	18011.26	85.41
52.40	18096.67	86.04
52.50	18182.71	86.67
52.60	18269.38	87.31
52.70	18356.68	87.96
52.80	18444.64	88.62
52.90	18533.25	89.28
53.00	18622.54	89.96
53.10	18712.50	90.65
53.20	18803.15	91.35
53.30	18894.50	92.06
53.40	18986.56	92.78
53.50	19079.34	93.51
53.60	19172.84	94.25
53.70	19267.09	95.00
53.80	19362.09	95.76
53.90	19457.85	96.54
54.00	19554.39	97.32
54.10	19651.71	98.12
54.20	19749.84	98.93
54.30	19848.77	99.76
54.40	19948.53	100.59
54.50	20049.12	101.44
54.60	20150.57	102.31
54.70	20252.87	103.18
54.80	20356.06	104.07
54.90	20460.13	104.98
55.00	20565.11	105.90
55.10	20671.01	106.83
55.20	20777.84	107.78
55.30	20885.62	108.75
55.40	20994.37	109.73
55.50	21104.09	110.72
55.60	21214.82	111.73
55.70	21326.55	112.76
55.80	21439.31	113.81
55.90	21553.12	114.87
56.00	21668.00	115.96
56.10	21783.95	117.05
56.20	21901.01	118.17
56.30	22019.18	119.31
56.40	22138.49	120.47
56.50	22258.96	121.64
56.60	22380.60	122.84
56.70	22503.44	124.05
56.80	22627.49	125.29
56.90	22752.78	126.55
57.00	22879.32	127.83
57.10	23007.15	129.13
57.20	23136.28	130.45
57.30	23266.73	131.80
57.40	23398.53	133.17
57.50	23531.70	134.56
57.60	23666.26	135.98
57.70	23802.24	137.42
57.80	23939.66	138.89
57.90	24078.55	140.38
58.00	24218.94	141.90
58.10	24360.84	143.45
58.20	24504.28	145.02
58.30	24649.30	146.62
58.40	24795.92	148.24
58.50	24944.16	149.90
58.60	25094.06	151.58
58.70	25245.64	153.29
58.80	25398.94	155.04
58.90	25553.97	156.81
59.00	25710.78	158.61
59.10	25869.39	160.44
59.20	26029.83	162.30
59.30	26192.13	164.20
59.40	26356.33	166.13
59.50	26522.46	168.08
59.60	26690.54	170.08
59.70	26860.62	172.10
59.80	27032.72	174.16
59.90	27206.88	176.25
60.00	27383.12	178.37
60.10	27561.49	180.53
60.20	27742.02	182.72
60.30	27924.74	184.95
60.40	28109.68	187.21
60.50	28296.89	189.50
60.60	28486.39	191.83
60.70	28678.22	194.19
60.80	28872.41	196.59
60.90	29069.00	199.02
61.00	29268.03	201.49
61.10	29469.52	203.99
61.20	29673.51	206.53
61.30	29880.04	209.10
61.40	30089.13	211.70
61.50	30300.83	214.34
61.60	30515.17	217.01
61.70	30732.18	219.71
61.80	30951.89	222.44
61.90	31174.33	225.21
62.00	31399.54	228.01
62.10	31627.55	230.83
62.20	31858.38	233.69
62.30	32092.07	236.58
62.40	32328.65	239.49
62.50	32568.14	242.44
62.60	32810.58	245.41
62.70	33055.98	248.40
62.80	33304.39	251.42
62.90	33555.81	254.47
63.00	33810.27	257.53
63.10	34067.80	260.62
63.20	34328.43	263.73
63.30	34592.16	266.87
63.40	34859.03	270.02
63.50	35129.05	273.19
63.60	35402.23	276.37
63.70	35678.60	279.57
63.80	35958.18	282.79
63.90	36240.97	286.02
64.00	36526.99	289.27
64.10	36816.26	292.53
64.20	37108.79	295.80
64.30	37404.59	299.08
64.40	37703.66	302.37
64.50	38006.04	305.67
64.60	38311.71	308.98
64.70	38620.69	312.30
64.80	38932.98	315.62
64.90	39248.61	318.95
65.00	39567.56	322.29
65.10	39889.85	325.64
65.20	40215.49	328.99
65.30	40544.48	332.35
65.40	40876.82	335.71
65.50	41212.53	339.08
65.60	41551.60	342.45
65.70	41894.05	345.83
65.80	42239.88	349.21
65.90	42589.09	352.60
66.00	42941.69	355.99
66.10	43297.68	359.39
66.20	43657.06	362.79
66.30	44019.85	366.20
66.40	44386.05	369.61
66.50	44755.66	373.03
66.60	45128.69	376.45
66.70	45505.14	379.88
66.80	45885.02	383.31
66.90	46268.33	386.75
67.00	46655.08	390.19
67.10	47045.27	393.64
67.20	47438.91	397.09
67.30	47836.00	400.55
67.40	48236.55	404.01
67.50	48640.56	407.48
67.60	49048.04	410.95
67.70	49459.00	414.43
67.80	49873.43	417.91
67.90	50291.34	421.40
68.00	50712.75	424.90
68.10	51137.64	428.40
68.20	51566.04	431.90
68.30	51997.94	435.41
68.40	52433.35	438.92
68.50	52872.27	442.44
68.60	53314.71	445.97
68.70	53760.68	449.50
68.80	54210.18	453.03
68.90	54663.21	456.57
69.00	55119.78	460.12
69.10	55579.90	463.67
69.20	56043.57	467.23
69.30	56510.80	470.79
69.40	56981.59	474.36
69.50	57455.95	477.93
69.60	57933.88	481.51
69.70	58415.38	485.09
69.80	58900.47	488.68
69.90	59389.15	492.27
70.00	59881.43	495.87
70.10	60377.30	499.48
70.20	60876.77	503.09
70.30	61379.86	506.70
70.40	61886.56	510.32
70.50	62396.89	513.95
70.60	62910.84	517.58
70.70	63428.42	521.22
70.80	63949.64	524.86
70.90	64474.50	528.51
71.00	65003.01	532.17
71.10	65535.18	535.83
71.20	66071.00	539.49
71.30	66610.49	543.16
71.40	67153.66	546.84
71.50	67700.49	550.52
71.60	68251.02	554.21
71.70	68805.23	557.90
71.80	69363.12	561.60
71.90	69924.73	565.30
72.00	70490.03	569.01
72.10	71059.05	572.73
72.20	71631.78	576.45
72.30	72208.23	580.18
72.40	72788.41	583.91
72.50	73372.33	587.65
72.60	73959.98	591.40
72.70	74551.38	595.15
72.80	75146.52	598.90
72.90	75745.42	602.66
73.00	76348.09	606.43
73.10	76954.52	610.21
73.20	77564.72	613.98
73.30	78178.70	617.77
73.40	78796.48	621.56
73.50	79418.04	625.36
73.60	80043.40	629.16
73.70	80672.55	632.97
73.80	81305.52	636.78
73.90	81942.30	640.60
74.00	82582.91	644.43
74.10	83227.34	648.26
74.20	83875.60	652.10
74.30	84527.70	655.94
74.40	85183.65	659.79
74.50	85843.45	663.65
74.60	86507.09	667.51
74.70	87174.61	671.38
74.80	87845.99	675.26
74.90	88521.25	679.14
75.00	89200.38	683.02
75.10	89883.41	686.91
75.20	90570.32	690.81
75.30	91261.13	694.72
75.40	91955.85	698.63
75.50	92654.48	702.55
75.60	93357.02	706.47
75.70	94063.49	710.40
75.80	94773.89	714.33
75.90	95488.23	718.27
76.00	96206.50	722.22
76.10	96928.72	726.18
76.20	97654.90	730.14
76.30	98385.03	734.10
76.40	99119.13	738.08
76.50	99857.21	742.05
76.60	100599.27	746.04
76.70	101345.30	750.03
76.80	102095.34	754.03
76.90	102849.37	758.03
77.00	103607.40	762.04
77.10	104369.44	766.06
77.20	105135.50	770.08
77.30	105905.59	774.11
77.40	106679.70	778.15
77.50	107457.84	782.19
77.60	108240.03	786.24
77.70	109026.27	790.29
77.80	109816.57	794.36
77.90	110610.92	798.42
78.00	111409.34	802.50
78.10	112211.84	806.58
78.20	113018.42	810.67
78.30	113829.09	814.76
78.40	114643.84	818.86
78.50	115462.70	822.97
78.60	116285.67	827.08
78.70	117112.75	831.20
78.80	117943.95	835.33
78.90	118779.28	839.46
79.00	119618.74	843.60
79.10	120462.34	847.75
79.20	121310.09	851.90
79.30	122161.99	856.06
79.40	123018.05	860.23
79.50	123878.28	864.40
79.60	124742.68	868.58
79.70	125611.26	872.76
79.80	126484.02	876.96
79.90	127360.98	881.16
80.00	128242.14	885.36
80.10	129127.51	889.58
80.20	130017.09	893.80
80.30	130910.88	898.02
80.40	131808.91	902.26
80.50	132711.17	906.50
80.60	133617.67	910.75
80.70	134528.42	915.00
80.80	135443.42	919.26
80.90	136362.69	923.53
81.00	137286.22	927.80
81.10	138214.02	932.08
81.20	139146.09	936.37
81.30	140082.47	940.67
81.40	141023.14	944.97
81.50	141968.11	949.28
81.60	142917.39	953.60
81.70	143870.98	957.92
81.80	144828.91	962.25
81.90	145791.16	966.59
82.00	146757.75	970.93
82.10	147728.69	975.28
82.20	148703.97	979.64
82.30	149683.61	984.01
82.40	150667.61	988.38
82.50	151655.98	992.76
82.60	152648.75	997.14
82.70	153645.89	1001.54
82.80	154647.42	1005.94
82.90	155653.36	1010.35
83.00	156663.70	1014.76
83.10	157678.47	1019.18
83.20	158697.66	1023.61
83.30	159721.27	1028.05
83.40	160749.31	1032.49
83.50	161781.81	1036.95
83.60	162818.75	1041.40
83.70	163860.16	1045.87
83.80	164906.03	1050.34
83.90	165956.38	1054.82
84.00	167011.20	1059.31
84.10	168070.52	1063.80
84.20	169134.31	1068.31
84.30	170202.62	1072.82
84.40	171275.44	1077.33
84.50	172352.77	1081.86
84.60	173434.62	1086.39
84.70	174521.02	1090.93
84.80	175611.94	1095.47
84.90	176707.41	1100.03
85.00	177807.44	1104.59
85.10	178912.03	1109.16
85.20	180021.19	1113.73
85.30	181134.92	1118.32
85.40	182253.23	1122.91
85.50	183376.14	1127.50
85.60	184503.64	1132.11
85.70	185635.75	1136.72
85.80	186772.47	1141.35
85.90	187913.81	1145.97
86.00	189059.78	1150.61
86.10	190210.39	1155.25
86.20	191365.64	1159.91
86.30	192525.55	1164.56
86.40	193690.11	1169.23
86.50	194859.34	1173.91
86.60	196033.25	1178.59
86.70	197211.84	1183.28
86.80	198395.12	1187.97
86.90	199583.09	1192.68
87.00	200775.77	1197.39
87.10	201973.16	1202.11
87.20	203175.27	1206.84
87.30	204382.11	1211.58
87.40	205593.69	1216.32
87.50	206810.00	1221.07
87.60	208031.08	1225.83
87.70	209256.91	1230.60
87.80	210487.50	1235.37
87.90	211722.88	1240.16
88.00	212963.03	1244.95
88.10	214207.98	1249.74
88.20	215457.73	1254.55
88.30	216712.28	1259.37
88.40	217971.64	1264.19
88.50	219235.83	1269.02
88.60	220504.84	1273.86
88.70	221778.70	1278.70
88.80	223057.41	1283.56
88.90	224340.97	1288.42
89.00	225629.39	1293.29
89.10	226922.67	1298.17
89.20	228220.84	1303.05
89.30	229523.89	1307.95
89.40	230831.83	1312.85
89.50	232144.67	1317.76
89.60	233462.42	1322.68
89.70	234785.09	1327.60
89.80	236112.70	1332.54
89.90	237445.23	1337.48
90.00	238782.72	1342.43
90.10	240125.16	1347.39
90.20	241472.55	1352.36
90.30	242824.91	1357.33
90.40	244182.23	1362.31
90.50	245544.55	1367.31
90.60	246911.86	1372.31
90.70	248284.17	1377.31
90.80	249661.48	1382.33
90.90	251043.81	1387.35
91.00	252431.17	1392.39
91.10	253823.56	1397.43
91.20	255220.98	1402.48
91.30	256623.47	1407.54
91.40	258031.00	1412.60
91.50	259443.61	1417.68
91.60	260861.28	1422.76
91.70	262284.03	1427.85
91.80	263711.88	1432.95
91.90	265144.81	1438.06
92.00	266582.88	1443.18
92.10	268026.06	1448.30
92.20	269474.38	1453.43
92.30	270927.81	1458.58
92.40	272386.38	1463.73
92.50	273850.09	1468.89
92.60	275318.97	1474.05
92.70	276793.03	1479.23
92.80	278272.25	1484.41
92.90	279756.66	1489.61
93.00	281246.25	1494.81
93.10	282741.06	1500.02
93.20	284241.09	1505.24
93.30	285746.34	1510.46
93.40	287256.81	1515.70
93.50	288772.50	1520.94
93.60	290293.44	1526.20
93.70	291819.62	1531.46
93.80	293351.09	1536.73
93.90	294887.81	1542.01
94.00	296429.81	1547.30
94.10	297977.12	1552.59
94.20	299529.72	1557.90
94.30	301087.62	1563.21
94.40	302650.84	1568.54
94.50	304219.38	1573.87
94.60	305793.25	1579.21
94.70	307372.47	1584.56
94.80	308957.03	1589.92
94.90	310546.94	1595.28
95.00	312142.22	1600.66
95.10	313742.88	1606.05
95.20	315348.91	1611.44
95.30	316960.34	1616.84
95.40	318577.19	1622.25
95.50	320199.44	1627.67
95.60	321827.12	1633.10
95.70	323460.22	1638.54
95.80	325098.75	1643.99
95.90	326742.75	1649.44
96.00	328392.19	1654.91
96.10	330047.09	1660.38
96.20	331707.47	1665.87
96.30	333373.34	1671.36
96.40	335044.72	1676.86
96.50	336721.59	1682.37
96.60	338403.97	1687.89
96.70	340091.88	1693.42
96.80	341785.28	1698.96
96.90	343484.25	1704.50
97.00	345188.75	1710.06
97.10	346898.81	1715.63
97.20	348614.44	1721.20
97.30	350335.62	1726.78
97.40	352062.41	1732.38
97.50	353794.78	1737.98
97.60	355532.75	1743.59
97.70	357276.34	1749.21
97.80	359025.56	1754.84
97.90	360780.41	1760.48
98.00	362540.88	1766.13
98.10	364307.00	1771.78
98.20	366078.78	1777.45
98.30	367856.22	1783.13
98.40	369639.34	1788.81
98.50	371428.16	1794.51
98.60	373222.66	1800.21
98.70	375022.88	1805.92
98.80	376828.81	1811.65
98.90	378640.47	1817.38
99.00	380457.84	1823.12
99.10	382280.97	1828.87
99.20	384109.84	1834.63
99.30	385944.47	1840.40
99.40	387784.88	1846.18
99.50	389631.06	1851.97
99.60	391483.03	1857.77
99.70	393340.81	1863.58
99.80	395204.41	1869.40
99.90	397073.81	1875.22
100.00	398949.03	1881.06
100.10	400830.09	1886.91
100.20	402717.00	1892.76
100.30	404609.75	1898.63
100.40	406508.38	1904.50
100.50	408412.88	1910.39
100.60	410323.25	1916.28
100.70	412239.53	1922.19
100.80	414161.72	1928.10
100.90	416089.81	1934.02
101.00	418023.84	1939.96
101.10	419963.81	1945.90
101.20	421909.72	1951.85
101.30	423861.56	1957.82
101.40	425819.38	1963.79
101.50	427783.16	1969.77
101.60	429752.94	1975.76
101.70	431728.69	1981.76
101.80	433710.44	1987.77
101.90	435698.22	1993.80
102.00	437692.00	1999.83
102.10	439691.81	2005.87
102.20	441697.69	2011.92
102.30	443709.59	2017.98
102.40	445727.56	2024.05
102.50	447751.62	2030.13
102.60	449781.75	2036.22
102.70	451817.97	2042.32
102.80	453860.28	2048.43
102.90	455908.72	2054.55
103.00	457963.28	2060.68
103.10	460023.97	2066.82
103.20	462090.78	2072.97
103.30	464163.75	2079.13
103.40	466242.88	2085.30
103.50	468328.19	2091.48
103.60	470419.66	2097.67
103.70	472517.34	2103.87
103.80	474621.22	2110.08
103.90	476731.31	2116.31
104.00	478847.62	2122.54
104.10	480970.16	2128.78
104.20	483098.94	2135.03
104.30	485233.97	2141.29
104.40	487375.25	2147.56
104.50	489522.81	2153.84
104.60	491676.66	2160.13
104.70	493836.78	2166.44
104.80	496003.22	2172.75
104.90	498175.97	2179.07
105.00	500355.03	2185.40
105.10	502540.44	2191.75
105.20	504732.19	2198.10
105.30	506930.28	2204.46
105.40	509134.75	2210.84
105.50	511345.59	2217.22
105.60	513562.81	2223.62
105.70	515786.44	2230.02
105.80	518016.47	2236.44
105.90	520252.91	2242.86
106.00	522495.78	2249.30
106.10	524745.06	2255.75
106.20	527000.81	2262.20
106.30	529263.00	2268.67
106.40	531531.69	2275.15
106.50	533806.81	2281.64
106.60	536088.44	2288.14
106.70	538376.56	2294.65
106.80	540671.19	2301.17
106.90	542972.38	2307.70
107.00	545280.06	2314.24
107.10	547594.31	2320.79
107.20	549915.12	2327.35
107.30	552242.50	2333.92
107.40	554576.44	2340.51
107.50	556916.94	2347.10
107.60	559264.06	2353.70
107.70	561617.75	2360.32
107.80	563978.06	2366.95
107.90	566345.00	2373.58
108.00	568718.56	2380.23
108.10	571098.81	2386.89
108.20	573485.69	2393.56
108.30	575879.25	2400.23
108.40	578279.50	2406.92
108.50	580686.44	2413.62
108.60	583100.06	2420.34
108.70	585520.38	2427.06
108.80	587947.44	2433.79
108.90	590381.25	2440.54
109.00	592821.81	2447.29
109.10	595269.12	2454.05
109.20	597723.19	2460.83
109.30	600184.00	2467.62
109.40	602651.62	2474.42
109.50	605126.06	2481.22
109.60	607607.31	2488.04
109.70	610095.38	2494.87
109.80	612590.25	2501.72
109.90	615091.94	2508.57
110.00	617600.50	2515.43
110.10	620115.94	2522.31
110.20	622638.25	2529.19
110.30	625167.44	2536.09
110.40	627703.50	2542.99
110.50	630246.50	2549.91
110.60	632796.44	2556.84
110.70	635353.25	2563.78
110.80	637917.00	2570.73
110.90	640487.75	2577.69
111.00	643065.44	2584.67
111.10	645650.12	2591.65
111.20	648241.75	2598.65
111.30	650840.38	2605.65
111.40	653446.00	2612.67
111.50	656058.69	2619.70
111.60	658678.38	2626.74
111.70	661305.12	2633.79
111.80	663938.94	2640.85
111.90	666579.81	2647.93
112.00	669227.75	2655.01
112.10	671882.75	2662.11
112.20	674544.88	2669.21
112.30	677214.06	2676.33
112.40	679890.38	2683.46
112.50	682573.81	2690.60
112.60	685264.44	2697.76
112.70	687962.19	2704.92
112.80	690667.12	2712.09
112.90	693379.25	2719.28
113.00	696098.50	2726.48
113.10	698825.00	2733.69
113.20	701558.69	2740.91
113.30	704299.56	2748.14
113.40	707047.69	2755.38
113.50	709803.06	2762.63
113.60	712565.69	2769.90
113.70	715335.56	2777.18
113.80	718112.75	2784.46
113.90	720897.19	2791.76
114.00	723688.94	2799.08
114.10	726488.00	2806.40
114.20	729294.38	2813.73
114.30	732108.12	2821.08
114.40	734929.19	2828.44
114.50	737757.62	2835.80
114.60	740593.44	2843.18
114.70	743436.62	2850.58
114.80	746287.19	2857.98
114.90	749145.19	2865.39
115.00	752010.56	2872.82
115.10	754883.38	2880.26
115.20	757763.62	2887.71
115.30	760651.31	2895.17
115.40	763546.50	2902.64
115.50	766449.12	2910.13
115.60	769359.25	2917.62
115.70	772276.88	2925.13
115.80	775202.00	2932.65
115.90	778134.62	2940.18
116.00	781074.81	2947.72
116.10	784022.56	2955.28
116.20	786977.81	2962.85
116.30	789940.69	2970.42
116.40	792911.12	2978.01
116.50	795889.12	2985.62
116.60	798874.75	2993.23
116.70	801868.00	3000.85
116.80	804868.88	3008.49
116.90	807877.38	3016.14
117.00	810893.50	3023.80
117.10	813917.31	3031.47
117.20	816948.81	3039.16
117.30	819988.00	3046.85
117.40	823034.88	3054.56
117.50	826089.44	3062.28
117.60	829151.69	3070.01
117.70	832221.69	3077.76
117.80	835299.44	3085.51
117.90	838384.94	3093.28
118.00	841478.19	3101.06
118.10	844579.25	3108.85
118.20	847688.12	3116.65
118.30	850804.75	3124.47
118.40	853929.19	3132.29
118.50	857061.50	3140.13
118.60	860201.62	3147.98
118.70	863349.62	3155.85
118.80	866505.50	3163.72
118.90	869669.25	3171.61
119.00	872840.88	3179.51
119.10	876020.38	3187.42
119.20	879207.81	3195.35
119.30	882403.19	3203.28
119.40	885606.44	3211.23
119.50	888817.69	3219.19
119.60	892036.88	3227.16
119.70	895264.06	3235.14
119.80	898499.19	3243.14
119.90	901742.31	3251.15
120.00	904993.44	3259.17
120.10	908252.62	3267.20
120.20	911519.81	3275.25
120.30	914795.06	3283.30
120.40	918078.38	3291.37
120.50	921369.75	3299.46
120.60	924669.19	3307.55
120.70	927976.75	3315.66
120.80	931292.38	3323.77
120.90	934616.12	3331.90
121.00	937948.00	3340.05
121.10	941288.06	3348.20
121.20	944636.25	3356.37
121.30	947992.62	3364.55
121.40	951357.19	3372.74
121.50	954729.94	3380.95
121.60	958110.88	3389.16
121.70	961500.06	3397.39
121.80	964897.44	3405.63
121.90	968303.06	3413.89
122.00	971716.94	3422.15
122.10	975139.06	3430.43
122.20	978569.50	3438.72
122.30	982008.25	3447.03
122.40	985455.25	3455.34
122.50	988910.62	3463.67
122.60	992374.31	3472.01
122.70	995846.31	3480.37
122.80	999326.69	3488.73
122.90	1002815.44	3497.11
123.00	1006312.56	3505.50
123.10	1009818.06	3513.91
123.20	1013332.00	3522.32
123.30	1016854.31	3530.75
123.40	1020385.06	3539.19
123.50	1023924.25	3547.65
123.60	1027471.88	3556.11
123.70	1031028.00	3564.59
123.80	1034592.56	3573.08
123.90	1038165.62	3581.59
124.00	1041747.19	3590.10
124.10	1045337.31	3598.63
124.20	1048936.00	3607.17
124.30	1052543.12	3615.73
124.40	1056158.88	3624.29
124.50	1059783.12	3632.87
124.60	1063416.00	3641.47
124.70	1067057.50	3650.07
124.80	1070707.62	3658.69
124.90	1074366.38	3667.32
125.00	1078033.75	3675.96
125.10	1081709.75	3684.62
125.20	1085394.38	3693.29
125.30	1089087.62	3701.97
125.40	1092789.62	3710.66
125.50	1096500.25	3719.37
125.60	1100219.62	3728.09
125.70	1103947.75	3736.82
125.80	1107684.62	3745.57
125.90	1111430.25	3754.33
126.00	1115184.62	3763.10
126.10	1118947.75	3771.88
126.20	1122719.62	3780.68
126.30	1126500.25	3789.49
126.40	1130289.75	3798.31
126.50	1134088.00	3807.14
126.60	1137895.12	3815.99
126.70	1141711.12	3824.85
126.80	1145536.00	3833.73
126.90	1149369.75	3842.61
127.00	1153212.38	3851.51
127.10	1157063.88	3860.43
127.20	1160924.25	3869.35
127.30	1164793.62	3878.29
127.40	1168671.88	3887.24
127.50	1172559.12	3896.20
127.60	1176455.38	3905.18
127.70	1180360.50	3914.17
127.80	1184274.62	3923.18
127.90	1188197.75	3932.19
128.00	1192130.00	3941.22
128.10	1196071.25	3950.26
128.20	1200021.50	3959.32
128.30	1203980.88	3968.39
128.40	1207949.25	3977.47
128.50	1211926.75	3986.56
128.60	1215913.38	3995.67
128.70	1219909.00	4004.79
128.80	1223913.75	4013.92
128.90	1227927.62	4023.07
129.00	1231950.75	4032.23
129.10	1235983.00	4041.40
129.20	1240024.38	4050.59
129.30	1244075.00	4059.79
129.40	1248134.75	4069.00
129.50	1252203.75	4078.23
129.60	1256282.00	4087.47
129.70	1260369.50	4096.72
129.80	1264466.25	4105.98
129.90	1268572.25	4115.26
130.00	1272687.50	4124.55
130.10	1276812.00	4133.86
130.20	1280945.88	4143.18
130.30	1285089.00	4152.51
130.40	1289241.50	4161.85
130.50	1293403.38	4171.21
130.60	1297574.62	4180.58
130.70	1301755.25	4189.96
130.80	1305945.25	4199.36
130.90	1310144.62	4208.77
131.00	1314353.38	4218.20
131.10	1318571.62	4227.63
131.20	1322799.25	4237.08
131.30	1327036.38	4246.55
131.40	1331282.88	4256.02
131.50	1335538.88	4265.51
131.60	1339804.38	4275.02
131.70	1344079.38	4284.54
131.80	1348363.88	4294.07
131.90	1352658.00	4303.61
132.00	1356961.62	4313.17
132.10	1361274.75	4322.74
132.20	1365597.50	4332.32
132.30	1369929.88	4341.92
132.40	1374271.75	4351.53
132.50	1378623.25	4361.15
132.60	1382984.38	4370.79
132.70	1387355.12	4380.44
132.80	1391735.62	4390.11
132.90	1396125.75	4399.78
133.00	1400525.50	4409.48
133.10	1404935.00	4419.18
133.20	1409354.12	4428.90
133.30	1413783.00	4438.63
133.40	1418221.62	4448.38
133.50	1422670.00	4458.13
133.60	1427128.12	4467.91
133.70	1431596.00	4477.69
133.80	1436073.75	4487.49
133.90	1440561.25	4497.31
134.00	1445058.50	4507.13
134.10	1449565.62	4516.97
134.20	1454082.62	4526.82
134.30	1458609.50	4536.69
134.40	1463146.25	4546.57
134.50	1467692.88	4556.47
134.60	1472249.38	4566.37
134.70	1476815.75	4576.30
134.80	1481392.00	4586.23
134.90	1485978.25	4596.18
135.00	1490574.38	4606.14
135.10	1495180.50	4616.12
135.20	1499796.62	4626.11
135.30	1504422.75	4636.11
135.40	1509058.88	4646.13
135.50	1513705.00	4656.16
135.60	1518361.12	4666.20
135.70	1523027.38	4676.26
135.80	1527703.62	4686.33
135.90	1532390.00	4696.41
136.00	1537086.38	4706.51
136.10	1541792.88	4716.62
136.20	1546509.50	4726.75
136.30	1551236.25	4736.89
136.40	1555973.12	4747.04
136.50	1560720.12	4757.21
136.60	1565477.38	4767.39
136.70	1570244.75	4777.59
136.80	1575022.38	4787.79
136.90	1579810.12	4798.02
137.00	1584608.12	4808.25
137.10	1589416.38	4818.50
137.20	1594234.88	4828.77
137.30	1599063.62	4839.04
137.40	1603902.62	4849.33
137.50	1608752.00	4859.64
137.60	1613611.62	4869.96
137.70	1618481.62	4880.29
137.80	1623361.88	4890.64
137.90	1628252.50	4901.00
138.00	1633153.50	4911.37
138.10	1638064.88	4921.76
138.20	1642986.62	4932.16
138.30	1647918.75	4942.58
138.40	1652861.38	4953.00
138.50	1657814.38	4963.45
138.60	1662777.88	4973.90
138.70	1667751.75	4984.38
138.80	1672736.12	4994.86
138.90	1677731.00	5005.36
139.00	1682736.38	5015.87
139.10	1687752.25	5026.40
139.20	1692778.62	5036.94
139.30	1697815.62	5047.49
139.40	1702863.12	5058.06
139.50	1707921.12	5068.64
139.60	1712989.75	5079.24
139.70	1718069.00	5089.85
139.80	1723158.88	5100.47
139.90	1728259.38	5111.11
140.00	1733370.50	5121.76
140.10	1738492.25	5132.43
140.20	1743624.62	5143.11
140.30	1748767.75	5153.80
140.40	1753921.50	5164.51
140.50	1759086.00	5175.23
140.60	1764261.25	5185.97
140.70	1769447.25	5196.72
140.80	1774644.00	5207.48
140.90	1779851.50	5218.26
141.00	1785069.75	5229.05
141.10	1790298.75	5239.86
141.20	1795538.62	5250.68
141.30	1800789.25	5261.51
141.40	1806050.75	5272.36
141.50	1811323.12	5283.22
141.60	1816606.38	5294.10
141.70	1821900.50	5304.99
141.80	1827205.50	5315.89
141.90	1832521.38	5326.81
142.00	1837848.12	5337.74
142.10	1843185.88	5348.69
142.20	1848534.50	5359.65
142.30	1853894.12	5370.62
142.40	1859264.75	5381.61
142.50	1864646.38	5392.61
142.60	1870039.00	5403.63
142.70	1875442.62	5414.66
142.80	1880857.25	5425.71
142.90	1886283.00	5436.77
143.00	1891719.75	5447.84
143.10	1897167.62	5458.93
143.20	1902626.50	5470.03
143.30	1908096.50	5481.14
143.40	1913577.62	5492.27
143.50	1919069.88	5503.42
143.60	1924573.25	5514.58
143.70	1930087.88	5525.75
143.80	1935613.62	5536.93
143.90	1941150.50	5548.14
144.00	1946698.62	5559.35
144.10	1952258.00	5570.58
144.20	1957828.62	5581.82
144.30	1963410.50	5593.08
144.40	1969003.62	5604.35
144.50	1974608.00	5615.64
144.60	1980223.62	5626.94
144.70	1985850.62	5638.25
144.80	1991488.88	5649.58
144.90	1997138.50	5660.92
145.00	2002799.38	5672.28
145.10	2008471.62	5683.65
145.20	2014155.25	5695.04
145.30	2019850.25	5706.44
145.40	2025556.75	5717.85
145.50	2031274.62	5729.28
145.60	2037003.88	5740.72
145.70	2042744.62	5752.18
145.80	2048496.75	5763.65
145.90	2054260.38	5775.14
146.00	2060035.50	5786.64
146.10	2065822.12	5798.15
146.20	2071620.25	5809.68
146.30	2077429.88	5821.22
146.40	2083251.12	5832.78
146.50	2089083.88	5844.35
146.60	2094928.25	5855.94
146.70	2100784.25	5867.54
146.80	2106651.75	5879.15
146.90	2112531.00	5890.78
147.00	2118421.75	5902.42
147.10	2124324.25	5914.08
147.20	2130238.25	5925.75
147.30	2136164.00	5937.44
147.40	2142101.50	5949.14
147.50	2148050.75	5960.85
147.60	2154011.50	5972.58
147.70	2159984.00	5984.32
147.80	2165968.25	5996.08
147.90	2171964.25	6007.85
148.00	2177972.00	6019.64
148.10	2183991.75	6031.44
148.20	2190023.25	6043.25
148.30	2196066.50	6055.08
148.40	2202121.50	6066.93
148.50	2208188.50	6078.79
148.60	2214267.25	6090.66
148.70	2220358.00	6102.55
148.80	2226460.50	6114.45
148.90	2232575.00	6126.36
149.00	2238701.25	6138.29
149.10	2244839.50	6150.24
149.20	2250989.75	6162.20
149.30	2257152.00	6174.17
149.40	2263326.25	6186.16
149.50	2269512.50	6198.16
149.60	2275710.75	6210.18
149.70	2281921.00	6222.21
149.80	2288143.25	6234.26
149.90	2294377.50	6246.32
150.00	2300623.75	6258.39
150.10	2306882.25	6270.48
150.20	2313152.75	6282.58
150.30	2319435.25	6294.70
150.40	2325730.00	6306.83
150.50	2332036.75	6318.98
150.60	2338355.75	6331.14
150.70	2344687.00	6343.32
150.80	2351030.25	6355.51
150.90	2357385.75	6367.71
151.00	2363753.50	6379.93
151.10	2370133.50	6392.17
151.20	2376525.75	6404.41
151.30	2382930.25	6416.68
151.40	2389347.00	6428.95
151.50	2395776.00	6441.24
151.60	2402217.25	6453.55
151.70	2408670.75	6465.87
151.80	2415136.50	6478.21
151.90	2421614.75	6490.56
152.00	2428105.25	6502.92
152.10	2434608.25	6515.30
152.20	2441123.50	6527.69
152.30	2447651.25	6540.10
152.40	2454191.25	6552.52
152.50	2460743.75	6564.96
152.60	2467308.75	6577.41
152.70	2473886.25	6589.88
152.80	2480476.25	6602.36
152.90	2487078.50	6614.85
153.00	2493693.25	6627.36
153.10	2500320.50	6639.89
153.20	2506960.50	6652.43
153.30	2513613.00	6664.98
153.40	2520278.00	6677.55
153.50	2526955.50	6690.13
153.60	2533645.75	6702.73
153.70	2540348.50	6715.34
153.80	2547063.75	6727.96
153.90	2553791.75	6740.60
154.00	2560532.25	6753.26
154.10	2567285.50	6765.93
154.20	2574051.50	6778.61
154.30	2580830.00	6791.31
154.40	2587621.25	6804.03
154.50	2594425.25	6816.75
154.60	2601242.00	6829.50
154.70	2608071.50	6842.25
154.80	2614913.75	6855.03
154.90	2621768.75	6867.81
155.00	2628636.50	6880.61
155.10	2635517.00	6893.43
155.20	2642410.50	6906.26
155.30	2649316.75	6919.10
155.40	2656235.75	6931.96
155.50	2663167.75	6944.84
155.60	2670112.50	6957.73
155.70	2677070.25	6970.63
155.80	2684041.00	6983.55
155.90	2691024.50	6996.48
156.00	2698021.00	7009.43
156.10	2705030.50	7022.39
156.20	2712053.00	7035.37
156.30	2719088.25	7048.36
156.40	2726136.50	7061.36
156.50	2733197.75	7074.38
156.60	2740272.25	7087.42
156.70	2747359.75	7100.47
156.80	2754460.25	7113.53
156.90	2761573.75	7126.61
157.00	2768700.25	7139.71
157.10	2775840.00	7152.81
157.20	2782992.75	7165.94
157.30	2790158.75	7179.07
157.40	2797337.75	7192.23
157.50	2804530.00	7205.39
157.60	2811735.50	7218.58
157.70	2818954.00	7231.77
157.80	2826185.75	7244.98
157.90	2833430.75	7258.21
158.00	2840689.00	7271.45
158.10	2847960.50	7284.70
158.20	2855245.25	7297.97
158.30	2862543.25	7311.26
158.40	2869854.50	7324.56
158.50	2877179.00	7337.87
158.60	2884516.75	7351.20
158.70	2891868.00	7364.54
158.80	2899232.50	7377.90
158.90	2906610.50	7391.27
159.00	2914001.75	7404.66
159.10	2921406.50	7418.06
159.20	2928824.50	7431.47
159.30	2936256.00	7444.90
159.40	2943701.00	7458.35
159.50	2951159.25	7471.81
159.60	2958631.00	7485.29
159.70	2966116.25	7498.78
159.80	2973615.00	7512.28
159.90	2981127.25	7525.80
160.00	2988653.00	7539.33
160.10	2996192.25	7552.88
160.20	3003745.25	7566.44
160.30	3011311.75	7580.02
160.40	3018891.75	7593.61
160.50	3026485.25	7607.22
160.60	3034092.50	7620.84
160.70	3041713.25	7634.48
160.80	3049347.75	7648.13
160.90	3056996.00	7661.80
161.00	3064657.75	7675.48
161.10	3072333.25	7689.17
161.20	3080022.50	7702.88
161.30	3087725.50	7716.61
161.40	3095442.00	7730.35
161.50	3103172.25	7744.10
161.60	3110916.25	7757.87
161.70	3118674.00	7771.66
161.80	3126445.75	7785.45
161.90	3134231.25	7799.27
162.00	3142030.50	7813.09
162.10	3149843.50	7826.94
162.20	3157670.50	7840.79
162.30	3165511.25	7854.67
162.40	3173366.00	7868.55
162.50	3181234.50	7882.46
162.60	3189117.00	7896.37
162.70	3197013.25	7910.30
162.80	3204923.50	7924.25
162.90	3212847.75	7938.21
163.00	3220786.00	7952.18
163.10	3228738.25	7966.17
163.20	3236704.50	7980.18
163.30	3244684.75	7994.20
163.40	3252679.00	8008.23
163.50	3260687.25	8022.28
163.60	3268709.50	8036.34
163.70	3276745.75	8050.42
163.80	3284796.25	8064.52
163.90	3292860.75	8078.62
164.00	3300939.25	8092.75
164.10	3309032.00	8106.88
164.20	3317139.00	8121.04
164.30	3325260.00	8135.20
164.40	3333395.25	8149.39
164.50	3341544.75	8163.58
164.60	3349708.25	8177.79
164.70	3357886.00	8192.02
164.80	3366078.00	8206.26
164.90	3374284.25	8220.51
165.00	3382504.75	8234.78
165.10	3390739.50	8249.07
165.20	3398988.50	8263.37
165.30	3407251.75	8277.68
165.40	3415529.50	8292.01
165.50	3423821.50	8306.36
165.60	3432127.75	8320.71
165.70	3440448.50	8335.09
165.80	3448783.50	8349.48
165.90	3457133.00	8363.88
166.00	3465497.00	8378.30
166.10	3473875.25	8392.73
166.20	3482268.00	8407.18
166.30	3490675.25	8421.64
166.40	3499097.00	8436.12
166.50	3507533.00	8450.61
166.60	3515983.50	8465.11
166.70	3524448.50	8479.63
166.80	3532928.25	8494.17
166.90	3541422.50	8508.72
167.00	3549931.25	8523.29
167.10	3558454.50	8537.87
167.20	3566992.25	8552.46
167.30	3575544.75	8567.07
167.40	3584111.75	8581.69
167.50	3592693.50	8596.33
167.60	3601289.75	8610.99
167.70	3609900.75	8625.66
167.80	3618526.50	8640.34
167.90	3627166.75	8655.04
168.00	3635821.75	8669.75
168.10	3644491.50	8684.48
168.20	3653176.00	8699.22
168.30	3661875.25	8713.98
168.40	3670589.25	8728.75
168.50	3679318.00	8743.54
168.60	3688061.50	8758.34
168.70	3696819.75	8773.16
168.80	3705593.00	8787.99
168.90	3714381.00	8802.83
169.00	3723183.75	8817.69
169.10	3732001.50	8832.57
169.20	3740834.00	8847.46
169.30	3749681.50	8862.37
169.40	3758543.75	8877.29
169.50	3767421.00	8892.22
169.60	3776313.25	8907.17
169.70	3785220.50	8922.13
169.80	3794142.75	8937.11
169.90	3803079.75	8952.11
170.00	3812031.75	8967.12
170.10	3820998.75	8982.14
170.20	3829981.00	8997.18
170.30	3838978.25	9012.23
170.40	3847990.50	9027.30
170.50	3857017.75	9042.38
170.60	3866060.25	9057.48
170.70	3875117.75	9072.59
170.80	3884190.25	9087.72
170.90	3893278.00	9102.86
171.00	3902380.75	9118.01
171.10	3911498.75	9133.18
171.20	3920632.00	9148.37
171.30	3929780.25	9163.57
171.40	3938943.75	9178.79
171.50	3948122.50	9194.02
171.60	3957316.50	9209.26
171.70	3966525.75	9224.52
171.80	3975750.25	9239.80
171.90	3984990.00	9255.08
172.00	3994245.00	9270.39
172.10	4003515.50	9285.71
172.20	4012801.25	9301.04
172.30	4022102.25	9316.39
172.40	4031418.75	9331.75
172.50	4040750.50	9347.13
172.60	4050097.75	9362.52
172.70	4059460.25	9377.93
172.80	4068838.25	9393.35
172.90	4078231.50	9408.79
173.00	4087640.25	9424.24
173.10	4097064.50	9439.71
173.20	4106504.25	9455.19
173.30	4115959.50	9470.69
173.40	4125430.25	9486.20
173.50	4134916.50	9501.73
173.60	4144418.25	9517.27
173.70	4153935.50	9532.82
173.80	4163468.25	9548.39
173.90	4173016.75	9563.98
174.00	4182580.75	9579.58
174.10	4192160.25	9595.19
174.20	4201755.50	9610.82
174.30	4211366.50	9626.47
174.40	4220993.00	9642.12
174.50	4230635.00	9657.80
174.60	4240293.00	9673.49
174.70	4249966.50	9689.19
174.80	4259655.50	9704.91
174.90	4269360.50	9720.64
175.00	4279081.00	9736.39
175.10	4288817.50	9752.15
175.20	4298569.50	9767.93
175.30	4308337.50	9783.72
175.40	4318121.00	9799.53
175.50	4327920.50	9815.35
175.60	4337736.00	9831.19
175.70	4347567.00	9847.04
175.80	4357414.00	9862.90
175.90	4367277.00	9878.79
176.00	4377156.00	9894.68
176.10	4387050.50	9910.59
176.20	4396961.00	9926.52
176.30	4406887.50	9942.46
176.40	4416830.00	9958.41
176.50	4426788.50	9974.38
176.60	4436763.00	9990.36
176.70	4446753.50	10006.36
176.80	4456760.00	10022.38
176.90	4466782.50	10038.41
177.00	4476821.00	10054.45
177.10	4486875.50	10070.51
177.20	4496946.00	10086.58
177.30	4507032.50	10102.67
177.40	4517135.00	10118.77
177.50	4527254.00	10134.89
177.60	4537389.00	10151.02
177.70	4547540.00	10167.17
177.80	4557707.00	10183.33
177.90	4567890.50	10199.50
178.00	4578090.00	10215.70
178.10	4588305.50	10231.90
178.20	4598537.50	10248.12
178.30	4608785.50	10264.36
178.40	4619050.00	10280.61
178.50	4629330.50	10296.87
178.60	4639627.50	10313.15
178.70	4649940.50	10329.45
178.80	4660270.00	10345.76
178.90	4670616.00	10362.08
179.00	4680978.00	10378.42
179.10	4691356.50	10394.78
179.20	4701751.50	10411.14
179.30	4712162.50	10427.53
179.40	4722590.00	10443.93
179.50	4733034.00	10460.34
179.60	4743494.50	10476.77
179.70	4753971.50	10493.21
179.80	4764464.50	10509.67
179.90	4774974.00	10526.14
180.00	4785500.00	10542.63
180.10	4796042.50	10559.13
180.20	4806601.50	10575.65
180.30	4817177.00	10592.18
180.40	4827769.00	10608.72
180.50	4838377.50	10625.28
180.60	4849003.00	10641.86
180.70	4859645.00	10658.45
180.80	4870303.50	10675.06
180.90	4880978.50	10691.68
181.00	4891670.00	10708.31
181.10	4902378.50	10724.96
181.20	4913103.50	10741.62
181.30	4923845.00	10758.30
181.40	4934603.50	10775.00
181.50	4945378.50	10791.71
181.60	4956170.00	10808.43
181.70	4966978.50	10825.17
181.80	4977803.50	10841.92
181.90	4988645.50	10858.69
182.00	4999504.00	10875.47
182.10	5010379.50	10892.27
182.20	5021272.00	10909.08
182.30	5032181.00	10925.91
182.40	5043107.00	10942.75
182.50	5054050.00	10959.61
182.60	5065009.50	10976.48
182.70	5075986.00	10993.37
182.80	5086979.50	11010.27
182.90	5097990.00	11027.19
183.00	5109017.00	11044.12
183.10	5120061.00	11061.06
183.20	5131122.00	11078.02
183.30	5142200.00	11095.00
183.40	5153295.00	11111.99
183.50	5164407.00	11128.99
183.60	5175536.00	11146.01
183.70	5186682.00	11163.05
183.80	5197845.00	11180.09
183.90	5209025.00	11197.16
184.00	5220222.00	11214.24
184.10	5231436.00	11231.33
184.20	5242667.50	11248.44
184.30	5253916.00	11265.56
184.40	5265181.50	11282.70
184.50	5276464.00	11299.85
184.60	5287764.00	11317.02
184.70	5299081.00	11334.20
184.80	5310415.00	11351.40
184.90	5321766.50	11368.61
185.00	5333135.00	11385.84
185.10	5344521.00	11403.08
185.20	5355924.00	11420.33
185.30	5367344.50	11437.61
185.40	5378782.00	11454.89
185.50	5390237.00	11472.19
185.60	5401709.00	11489.51
185.70	5413198.50	11506.84
185.80	5424705.50	11524.18
185.90	5436229.50	11541.54
186.00	5447771.00	11558.92
186.10	5459330.00	11576.31
186.20	5470906.50	11593.71
186.30	5482500.00	11611.13
186.40	5494111.00	11628.56
186.50	5505739.50	11646.01
186.60	5517385.50	11663.48
186.70	5529049.00	11680.96
186.80	5540730.00	11698.45
186.90	5552428.50	11715.96
187.00	5564144.50	11733.48
187.10	5575878.00	11751.02
187.20	5587629.00	11768.57
187.30	5599397.50	11786.14
187.40	5611183.50	11803.72
187.50	5622987.00	11821.31
187.60	5634808.50	11838.93
187.70	5646647.50	11856.55
187.80	5658504.00	11874.19
187.90	5670378.00	11891.85
188.00	5682270.00	11909.52
188.10	5694179.50	11927.21
188.20	5706106.50	11944.91
188.30	5718051.50	11962.62
188.40	5730014.00	11980.35
188.50	5741994.50	11998.10
188.60	5753992.50	12015.86
188.70	5766008.50	12033.63
188.80	5778042.00	12051.42
188.90	5790093.50	12069.22
189.00	5802162.50	12087.04
189.10	5814249.50	12104.88
189.20	5826354.50	12122.73
189.30	5838477.00	12140.59
189.40	5850617.50	12158.47
189.50	5862776.00	12176.36
189.60	5874952.50	12194.27
189.70	5887147.00	12212.19
189.80	5899359.00	12230.13
189.90	5911589.00	12248.08
190.00	5923837.00	12266.05
190.10	5936103.00	12284.03
190.20	5948387.00	12302.03
190.30	5960689.00	12320.04
190.40	5973009.00	12338.06
190.50	5985347.00	12356.11
190.60	5997703.00	12374.16
190.70	6010077.00	12392.23
190.80	6022469.00	12410.32
190.90	6034879.50	12428.42
191.00	6047308.00	12446.53
191.10	6059754.50	12464.66
191.20	6072219.00	12482.81
191.30	6084702.00	12500.97
191.40	6097203.00	12519.14
191.50	6109722.00	12537.33
191.60	6122259.50	12555.54
191.70	6134815.00	12573.76
191.80	6147389.00	12591.99
191.90	6159981.00	12610.24
192.00	6172591.00	12628.50
192.10	6185219.50	12646.78
192.20	6197866.50	12665.08
192.30	6210531.50	12683.39
192.40	6223215.00	12701.71
192.50	6235916.50	12720.05
192.60	6248636.50	12738.40
192.70	6261375.00	12756.77
192.80	6274132.00	12775.15
192.90	6286907.00	12793.55
193.00	6299700.50	12811.96
193.10	6312512.50	12830.39
193.20	6325343.00	12848.83
193.30	6338192.00	12867.29
193.40	6351059.50	12885.76
193.50	6363945.50	12904.24
193.60	6376849.50	12922.75
193.70	6389772.00	12941.26
193.80	6402713.50	12959.79
193.90	6415673.50	12978.34
194.00	6428652.00	12996.90
194.10	6441649.00	13015.48
194.20	6454664.50	13034.07
194.30	6467698.50	13052.67
194.40	6480751.00	13071.29
194.50	6493822.50	13089.93
194.60	6506912.50	13108.58
194.70	6520021.00	13127.24
194.80	6533148.00	13145.92
194.90	6546294.00	13164.62
195.00	6559458.50	13183.33
195.10	6572642.00	13202.05
195.20	6585844.00	13220.79
195.30	6599065.00	13239.55
195.40	6612304.50	13258.32
195.50	6625563.00	13277.10
195.60	6638840.00	13295.90
195.70	6652136.00	13314.71
195.80	6665450.50	13333.54
195.90	6678784.00	13352.39
196.00	6692136.50	13371.25
196.10	6705507.50	13390.12
196.20	6718897.50	13409.01
196.30	6732306.50	13427.91
196.40	6745734.50	13446.83
196.50	6759181.50	13465.76
196.60	6772647.50	13484.71
196.70	6786132.00	13503.67
196.80	6799635.50	13522.65
196.90	6813158.00	13541.65
197.00	6826699.50	13560.65
197.10	6840260.00	13579.68
197.20	6853839.50	13598.71
197.30	6867438.00	13617.77
197.40	6881056.00	13636.83
197.50	6894693.00	13655.92
197.60	6908349.00	13675.01
197.70	6922024.00	13694.13
197.80	6935718.00	13713.25
197.90	6949431.50	13732.40
198.00	6963164.00	13751.55
198.10	6976915.50	13770.72
198.20	6990686.00	13789.91
198.30	7004476.00	13809.11
198.40	7018285.00	13828.33
198.50	7032113.50	13847.56
198.60	7045961.00	13866.81
198.70	7059828.00	13886.07
198.80	7073714.00	13905.35
198.90	7087619.50	13924.64
199.00	7101544.00	13943.95
199.10	7115488.00	13963.27
199.20	7129451.50	13982.60
199.30	7143434.00	14001.96
199.40	7157436.00	14021.32
199.50	7171457.50	14040.70
199.60	7185498.00	14060.10
199.70	7199558.00	14079.51
199.80	7213637.50	14098.94
199.90	7227736.50	14118.38
200.00	7241855.00	14137.83
200.10	7255993.00	14157.31
200.20	7270150.50	14176.79
200.30	7284327.50	14196.29
200.40	7298524.00	14215.81
200.50	7312740.00	14235.34
200.60	7326975.50	14254.89
200.70	7341230.50	14274.45
200.80	7355505.00	14294.03
200.90	7369799.00	14313.62
201.00	7384112.50	14333.22
201.10	7398445.50	14352.84
201.20	7412798.50	14372.48
201.30	7427171.00	14392.13
201.40	7441563.00	14411.80
201.50	7455975.00	14431.48
201.60	7470406.50	14451.18
201.70	7484857.50	14470.89
201.80	7499328.50	14490.61
201.90	7513819.00	14510.35
202.00	7528329.50	14530.11
202.10	7542859.50	14549.88
202.20	7557409.50	14569.67
202.30	7571979.00	14589.47
202.40	7586568.50	14609.29
202.50	7601178.00	14629.12
202.60	7615807.00	14648.97
202.70	7630456.00	14668.83
202.80	7645125.00	14688.71
202.90	7659813.50	14708.60
203.00	7674522.00	14728.50
203.10	7689250.50	14748.43
203.20	7703999.00	14768.36
203.30	7718767.50	14788.32
203.40	7733556.00	14808.28
203.50	7748364.50	14828.27
203.60	7763193.00	14848.26
203.70	7778041.50	14868.28
203.80	7792910.00	14888.30
203.90	7807798.50	14908.35
204.00	7822707.00	14928.40
204.10	7837635.50	14948.48
204.20	7852584.00	14968.56
204.30	7867552.50	14988.67
204.40	7882541.00	15008.79
204.50	7897550.00	15028.92
204.60	7912579.00	15049.07
204.70	7927628.00	15069.23
204.80	7942697.00	15089.41
204.90	7957786.50	15109.61
205.00	7972896.00	15129.81
205.10	7988026.00	15150.04
205.20	8003176.00	15170.28
205.30	8018346.50	15190.53
205.40	8033537.00	15210.80
205.50	8048748.00	15231.09
205.60	8063979.00	15251.39
205.70	8079230.50	15271.70
205.80	8094502.00	15292.03
205.90	8109794.00	15312.38
206.00	8125106.50	15332.74
206.10	8140439.00	15353.12
206.20	8155792.00	15373.51
206.30	8171165.50	15393.91
206.40	8186559.50	15414.33
206.50	8201974.00	15434.77
206.60	8217409.00	15455.22
206.70	8232864.00	15475.69
206.80	8248339.50	15496.17
206.90	8263835.50	15516.67
207.00	8279352.00	15537.18
207.10	8294889.00	15557.71
207.20	8310446.50	15578.25
207.30	8326025.00	15598.81
207.40	8341624.00	15619.38
207.50	8357243.50	15639.97
207.60	8372883.50	15660.57
207.70	8388544.00	15681.19
207.80	8404225.00	15701.83
207.90	8419927.00	15722.48
208.00	8435649.00	15743.14
208.10	8451392.00	15763.82
208.20	8467156.00	15784.52
208.30	8482941.00	15805.23
208.40	8498746.00	15825.95
208.50	8514572.00	15846.69
208.60	8530419.00	15867.45
208.70	8546286.00	15888.22
208.80	8562174.00	15909.01
208.90	8578083.00	15929.81
209.00	8594013.00	15950.63
209.10	8609964.00	15971.46
209.20	8625935.00	15992.31
209.30	8641927.00	16013.17
209.40	8657940.00	16034.05
209.50	8673974.00	16054.94
209.60	8690029.00	16075.85
209.70	8706105.00	16096.78
209.80	8722202.00	16117.72
209.90	8738320.00	16138.67
210.00	8754459.00	16159.64
210.10	8770619.00	16180.63
210.20	8786800.00	16201.63
210.30	8803002.00	16222.65
210.40	8819225.00	16243.68
210.50	8835469.00	16264.72
210.60	8851734.00	16285.79
210.70	8868020.00	16306.87
210.80	8884327.00	16327.96
210.90	8900655.00	16349.07
211.00	8917004.00	16370.19
211.10	8933374.00	16391.33
211.20	8949765.00	16412.48
211.30	8966177.00	16433.65
211.40	8982611.00	16454.84
211.50	8999066.00	16476.04
211.60	9015542.00	16497.26
211.70	9032039.00	16518.49
211.80	9048557.00	16539.74
211.90	9065097.00	16561.00
212.00	9081658.00	16582.28
212.10	9098240.00	16603.57
212.20	9114844.00	16624.88
212.30	9131469.00	16646.21
212.40	9148115.00	16667.54
212.50	9164783.00	16688.90
212.60	9181472.00	16710.27
212.70	9198182.00	16731.66
212.80	9214914.00	16753.06
212.90	9231667.00	16774.48
213.00	9248441.00	16795.91
213.10	9265237.00	16817.36
213.20	9282054.00	16838.83
213.30	9298893.00	16860.30
213.40	9315753.00	16881.80
213.50	9332635.00	16903.31
213.60	9349538.00	16924.83
213.70	9366463.00	16946.38
213.80	9383409.00	16967.93
213.90	9400377.00	16989.50
214.00	9417367.00	17011.09
214.10	9434378.00	17032.70
214.20	9451411.00	17054.31
214.30	9468465.00	17075.95
214.40	9485541.00	17097.60
214.50	9502639.00	17119.27
214.60	9519758.00	17140.95
214.70	9536899.00	17162.64
214.80	9554062.00	17184.36
214.90	9571246.00	17206.09
215.00	9588452.00	17227.83
215.10	9605680.00	17249.59
215.20	9622930.00	17271.37
215.30	9640201.00	17293.16
215.40	9657494.00	17314.96
215.50	9674809.00	17336.79
215.60	9692146.00	17358.62
215.70	9709505.00	17380.48
215.80	9726885.00	17402.35
215.90	9744287.00	17424.23
216.00	9761711.00	17446.13
216.10	9779157.00	17468.05
216.20	9796625.00	17489.98
216.30	9814115.00	17511.93
216.40	9831627.00	17533.89
216.50	9849161.00	17555.87
216.60	9866717.00	17577.86
216.70	9884295.00	17599.87
216.80	9901895.00	17621.90
216.90	9919517.00	17643.94
217.00	9937161.00	17665.99
217.10	9954827.00	17688.07
217.20	9972515.00	17710.16
217.30	9990225.00	17732.26
217.40	10007957.00	17754.38
217.50	10025711.00	17776.52
217.60	10043488.00	17798.67
217.70	10061287.00	17820.84
217.80	10079108.00	17843.02
217.90	10096951.00	17865.22
218.00	10114816.00	17887.44
218.10	10132703.00	17909.67
218.20	10150613.00	17931.91
218.30	10168545.00	17954.18
218.40	10186499.00	17976.46
218.50	10204475.00	17998.75
218.60	10222474.00	18021.06
218.70	10240495.00	18043.39
218.80	10258538.00	18065.73
218.90	10276604.00	18088.09
219.00	10294692.00	18110.46
219.10	10312802.00	18132.85
219.20	10330935.00	18155.25
219.30	10349090.00	18177.68
219.40	10367268.00	18200.11
219.50	10385468.00	18222.57
219.60	10403691.00	18245.04
219.70	10421936.00	18267.52
219.80	10440204.00	18290.02
219.90	10458494.00	18312.54
220.00	10476807.00	18335.07
220.10	10495142.00	18357.62
220.20	10513500.00	18380.18
220.30	10531880.00	18402.76
220.40	10550283.00	18425.36
220.50	10568708.00	18447.97
220.60	10587156.00	18470.60
220.70	10605627.00	18493.25
220.80	10624120.00	18515.91
220.90	10642636.00	18538.58
221.00	10661175.00	18561.28
221.10	10679736.00	18583.98
221.20	10698320.00	18606.71
221.30	10716927.00	18629.45
221.40	10735556.00	18652.21
221.50	10754208.00	18674.98
221.60	10772883.00	18697.77
221.70	10791581.00	18720.57
221.80	10810302.00	18743.39
221.90	10829045.00	18766.23
222.00	10847811.00	18789.09
222.10	10866600.00	18811.96
222.20	10885412.00	18834.84
222.30	10904247.00	18857.74
222.40	10923105.00	18880.66
222.50	10941986.00	18903.59
222.60	10960890.00	18926.54
222.70	10979817.00	18949.51
222.80	10998767.00	18972.49
222.90	11017739.00	18995.49
223.00	11036734.00	19018.51
223.10	11055753.00	19041.54
223.20	11074795.00	19064.59
223.30	11093860.00	19087.65
223.40	11112948.00	19110.73
223.50	11132059.00	19133.83
223.60	11151193.00	19156.94
223.70	11170350.00	19180.07
223.80	11189530.00	19203.21
223.90	11208733.00	19226.37
224.00	11227959.00	19249.55
224.10	11247209.00	19272.74
224.20	11266482.00	19295.96
224.30	11285778.00	19319.18
224.40	11305097.00	19342.42
224.50	11324439.00	19365.68
224.60	11343805.00	19388.96
224.70	11363194.00	19412.25
224.80	11382606.00	19435.56
224.90	11402042.00	19458.88
225.00	11421501.00	19482.22
225.10	11440983.00	19505.58
225.20	11460489.00	19528.95
225.30	11480018.00	19552.34
225.40	11499570.00	19575.75
225.50	11519146.00	19599.17
225.60	11538745.00	19622.61
225.70	11558368.00	19646.07
225.80	11578014.00	19669.54
225.90	11597684.00	19693.03
226.00	11617377.00	19716.53
226.10	11637094.00	19740.05
226.20	11656834.00	19763.59
226.30	11676598.00	19787.15
226.40	11696385.00	19810.72
226.50	11716196.00	19834.30
226.60	11736030.00	19857.91
226.70	11755888.00	19881.53
226.80	11775770.00	19905.17
226.90	11795675.00	19928.82
227.00	11815604.00	19952.49
227.10	11835556.00	19976.18
227.20	11855532.00	19999.88
227.30	11875532.00	20023.60
227.40	11895556.00	20047.34
227.50	11915603.00	20071.09
227.60	11935674.00	20094.86
227.70	11955769.00	20118.65
227.80	11975888.00	20142.45
227.90	11996030.00	20166.27
228.00	12016196.00	20190.11
228.10	12036386.00	20213.96
228.20	12056600.00	20237.83
228.30	12076838.00	20261.72
228.40	12097100.00	20285.62
228.50	12117386.00	20309.54
228.60	12137696.00	20333.48
228.70	12158029.00	20357.43
228.80	12178386.00	20381.40
228.90	12198767.00	20405.39
229.00	12219172.00	20429.39
229.10	12239601.00	20453.41
229.20	12260054.00	20477.45
229.30	12280531.00	20501.50
229.40	12301033.00	20525.57
229.50	12321559.00	20549.66
229.60	12342109.00	20573.76
229.70	12362683.00	20597.88
229.80	12383281.00	20622.02
229.90	12403903.00	20646.18
230.00	12424549.00	20670.35
230.10	12445219.00	20694.54
230.20	12465914.00	20718.74
230.30	12486633.00	20742.97
230.40	12507376.00	20767.21
230.50	12528143.00	20791.46
230.60	12548934.00	20815.74
230.70	12569750.00	20840.03
230.80	12590590.00	20864.33
230.90	12611454.00	20888.66
231.00	12632343.00	20913.00
231.10	12653256.00	20937.36
231.20	12674193.00	20961.73
231.30	12695155.00	20986.12
231.40	12716141.00	21010.54
231.50	12737152.00	21034.96
231.60	12758187.00	21059.40
231.70	12779246.00	21083.87
231.80	12800330.00	21108.34
231.90	12821438.00	21132.84
232.00	12842571.00	21157.35
232.10	12863728.00	21181.88
232.20	12884910.00	21206.43
232.30	12906116.00	21230.99
232.40	12927347.00	21255.57
232.50	12948603.00	21280.17
232.60	12969883.00	21304.78
232.71	12991188.00	21329.41
232.81	13012517.00	21354.06
232.91	13033871.00	21378.73
233.01	13055250.00	21403.41
233.11	13076653.00	21428.11
233.21	13098081.00	21452.83
233.31	13119534.00	21477.57
233.41	13141012.00	21502.32
233.51	13162514.00	21527.09
233.61	13184041.00	21551.88
233.71	13205593.00	21576.68
233.81	13227170.00	21601.50
233.91	13248772.00	21626.34
234.01	13270398.00	21651.20
234.11	13292049.00	21676.07
234.21	13313725.00	21700.96
234.31	13335426.00	21725.87
234.41	13357152.00	21750.80
234.51	13378903.00	21775.74
234.61	13400679.00	21800.70
234.71	13422480.00	21825.68
234.81	13444306.00	21850.68
234.91	13466157.00	21875.69
235.01	13488033.00	21900.72
235.11	13509934.00	21925.77
235.21	13531860.00	21950.84
235.31	13553811.00	21975.92
235.41	13575787.00	22001.02
235.51	13597788.00	22026.14
235.61	13619814.00	22051.28
235.71	13641865.00	22076.43
235.81	13663941.00	22101.61
235.91	13686043.00	22126.79
236.01	13708170.00	22152.00
236.11	13730322.00	22177.23
236.21	13752499.00	22202.47
236.31	13774701.00	22227.73
236.41	13796929.00	22253.01
236.51	13819182.00	22278.30
236.61	13841460.00	22303.61
236.71	13863764.00	22328.94
236.81	13886093.00	22354.29
236.91	13908447.00	22379.66
237.01	13930827.00	22405.04
237.11	13953232.00	22430.44
237.21	13975662.00	22455.86
237.31	13998118.00	22481.29
237.41	14020599.00	22506.75
237.51	14043106.00	22532.22
237.61	14065638.00	22557.71
237.71	14088196.00	22583.22
237.81	14110779.00	22608.75
237.91	14133388.00	22634.29
238.01	14156022.00	22659.85
238.11	14178682.00	22685.43
238.21	14201367.00	22711.03
238.31	14224078.00	22736.64
238.41	14246815.00	22762.28
238.51	14269577.00	22787.93
238.61	14292365.00	22813.60
238.71	14315179.00	22839.29
238.81	14338018.00	22864.99
238.91	14360883.00	22890.71
239.01	14383774.00	22916.46
239.11	14406690.00	22942.21
239.21	14429632.00	22967.99
239.31	14452600.00	22993.79
239.41	14475594.00	23019.60
239.51	14498614.00	23045.43
239.61	14521659.00	23071.28
239.71	14544730.00	23097.15
239.81	14567827.00	23123.04
239.91	14590950.00	23148.94
240.01	14614099.00	23174.86
240.11	14637274.00	23200.80
240.21	14660475.00	23226.76
240.31	14683702.00	23252.74
240.41	14706955.00	23278.74
240.51	14730234.00	23304.75
240.61	14753539.00	23330.78
240.71	14776870.00	23356.83
240.81	14800227.00	23382.90
240.91	14823610.00	23408.99
241.01	14847019.00	23435.09
241.11	14870454.00	23461.21
241.21	14893915.00	23487.36
241.31	14917402.00	23513.52
241.41	14940916.00	23539.70
241.51	14964456.00	23565.89
241.61	14988022.00	23592.11
241.71	15011614.00	23618.34
241.81	15035232.00	23644.59
241.91	15058877.00	23670.87
242.01	15082548.00	23697.15
242.11	15106245.00	23723.46
242.21	15129968.00	23749.79
242.31	15153718.00	23776.13
242.41	15177494.00	23802.50
242.51	15201296.00	23828.88
242.61	15225125.00	23855.28
242.71	15248980.00	23881.70
242.81	15272862.00	23908.14
242.91	15296770.00	23934.60
243.01	15320705.00	23961.07
243.11	15344666.00	23987.56
243.21	15368654.00	24014.08
243.31	15392668.00	24040.61
243.41	15416709.00	24067.16
243.51	15440776.00	24093.73
243.61	15464870.00	24120.31
243.71	15488990.00	24146.92
243.81	15513137.00	24173.54
243.91	15537311.00	24200.19
244.01	15561511.00	24226.85
244.11	15585738.00	24253.53
244.21	15609992.00	24280.23
244.31	15634272.00	24306.95
244.41	15658579.00	24333.69
244.51	15682913.00	24360.45
244.61	15707273.00	24387.22
244.71	15731660.00	24414.02
244.81	15756074.00	24440.83
244.91	15780515.00	24467.67
245.01	15804983.00	24494.52
245.11	15829478.00	24521.39
245.21	15853999.00	24548.28
245.31	15878547.00	24575.19
245.41	15903122.00	24602.12
245.51	15927724.00	24629.06
245.61	15952353.00	24656.03
245.71	15977009.00	24683.02
245.81	16001692.00	24710.02
245.91	16026402.00	24737.04
246.01	16051139.00	24764.09
246.11	16075903.00	24791.15
246.21	16100694.00	24818.23
246.31	16125512.00	24845.33
246.41	16150357.00	24872.45
246.51	16175229.00	24899.59
246.61	16200129.00	24926.75
246.71	16225056.00	24953.92
246.81	16250010.00	24981.12
246.91	16274991.00	25008.34
247.01	16299999.00	25035.57
247.11	16325035.00	25062.83
247.21	16350098.00	25090.10
247.31	16375188.00	25117.40
247.41	16400305.00	25144.71
247.51	16425450.00	25172.04
247.61	16450622.00	25199.39
247.71	16475821.00	25226.76
247.81	16501048.00	25254.15
247.91	16526302.00	25281.56
248.01	16551584.00	25308.99
248.11	16576893.00	25336.44
248.21	16602229.00	25363.91
248.31	16627593.00	25391.40
248.41	16652984.00	25418.91
248.51	16678403.00	25446.44
248.61	16703849.00	25473.98
248.71	16729323.00	25501.55
248.81	16754825.00	25529.14
248.91	16780354.00	25556.75
249.01	16805910.00	25584.37
249.11	16831494.00	25612.02
249.21	16857106.00	25639.69
249.31	16882746.00	25667.37
249.41	16908414.00	25695.08
249.51	16934110.00	25722.80
249.61	16959832.00	25750.55
249.71	16985582.00	25778.31
249.81	17011360.00	25806.10
249.91	17037166.00	25833.90
250.01	17063000.00	25861.73
250.11	17088862.00	25889.57
250.21	17114752.00	25917.44
250.31	17140670.00	25945.32
250.41	17166616.00	25973.23
250.51	17192590.00	26001.15
250.61	17218592.00	26029.10
250.71	17244622.00	26057.06
250.81	17270680.00	26085.05
250.91	17296766.00	26113.05
251.01	17322880.00	26141.08
251.11	17349022.00	26169.12
251.21	17375192.00	26197.19
251.31	17401390.00	26225.28
251.41	17427616.00	26253.38
251.51	17453870.00	26281.51
251.61	17480152.00	26309.65
251.71	17506462.00	26337.82
251.81	17532800.00	26366.01
251.91	17559166.00	26394.21
252.01	17585560.00	26422.44
252.11	17611982.00	26450.69
252.21	17638432.00	26478.96
252.31	17664910.00	26507.25
252.41	17691418.00	26535.56
252.51	17717954.00	26563.89
252.61	17744518.00	26592.24
252.71	17771110.00	26620.61
252.81	17797730.00	26649.00
252.91	17824378.00	26677.41
253.01	17851056.00	26705.84
253.11	17877762.00	26734.29
253.21	17904496.00	26762.77
253.31	17931258.00	26791.26
253.41	17958050.00	26819.78
253.51	17984870.00	26848.31
253.61	18011718.00	26876.87
253.71	18038594.00	26905.45
253.81	18065500.00	26934.04
253.91	18092434.00	26962.66
254.01	18119396.00	26991.30
254.11	18146388.00	27019.96
254.21	18173408.00	27048.64
254.31	18200456.00	27077.34
254.41	18227534.00	27106.06
254.51	18254640.00	27134.81
254.61	18281774.00	27163.57
254.71	18308938.00	27192.36
254.81	18336130.00	27221.16
254.91	18363352.00	27249.99
255.01	18390602.00	27278.84
255.11	18417880.00	27307.71
255.21	18445188.00	27336.60
255.31	18472524.00	27365.51
255.41	18499890.00	27394.44
255.51	18527284.00	27423.39
255.61	18554708.00	27452.37
255.71	18582160.00	27481.36
255.81	18609642.00	27510.38
255.91	18637152.00	27539.42
256.01	18664692.00	27568.48
256.11	18692260.00	27597.56
256.21	18719858.00	27626.66
256.31	18747484.00	27655.78
256.41	18775140.00	27684.93
256.51	18802824.00	27714.09
256.61	18830538.00	27743.28
256.71	18858282.00	27772.49
256.81	18886054.00	27801.72
256.91	18913856.00	27830.97
257.01	18941686.00	27860.24
257.11	18969546.00	27889.54
257.21	18997436.00	27918.86
257.31	19025354.00	27948.19
257.41	19053302.00	27977.55
257.51	19081280.00	28006.93
257.61	19109286.00	28036.34
257.71	19137322.00	28065.76
257.81	19165388.00	28095.21
257.91	19193484.00	28124.67
258.01	19221608.00	28154.16
258.11	19249762.00	28183.67
258.21	19277946.00	28213.20
258.31	19306160.00	28242.76
258.41	19334402.00	28272.33
258.51	19362674.00	28301.93
258.61	19390976.00	28331.55
258.71	19419308.00	28361.19
258.81	19447670.00	28390.85
258.91	19476060.00	28420.54
259.01	19504480.00	28450.24
259.11	19532930.00	28479.97
259.21	19561410.00	28509.72
259.31	19589920.00	28539.50
259.41	19618460.00	28569.29
259.51	19647030.00	28599.11
259.61	19675630.00	28628.95
259.71	19704258.00	28658.81
259.81	19732916.00	28688.69
259.91	19761604.00	28718.60
260.01	19790322.00	28748.53
260.11	19819070.00	28778.47
260.21	19847848.00	28808.45
260.31	19876656.00	28838.44
260.41	19905494.00	28868.46
260.51	19934362.00	28898.50
260.61	19963260.00	28928.56
260.71	19992188.00	28958.64
260.81	20021146.00	28988.75
260.91	20050134.00	29018.88
261.01	20079152.00	29049.03
261.11	20108202.00	29079.20
261.21	20137282.00	29109.40
261.31	20166392.00	29139.62
261.41	20195532.00	29169.86
261.51	20224702.00	29200.12
261.61	20253902.00	29230.41
261.71	20283132.00	29260.72
261.81	20312392.00	29291.05
261.91	20341684.00	29321.41
262.01	20371006.00	29351.78
262.11	20400358.00	29382.18
262.21	20429740.00	29412.61
262.31	20459152.00	29443.05
262.41	20488596.00	29473.52
262.51	20518070.00	29504.01
262.61	20547574.00	29534.53
262.71	20577108.00	29565.06
262.81	20606674.00	29595.62
262.91	20636270.00	29626.21
263.01	20665896.00	29656.81
263.11	20695552.00	29687.44
263.21	20725240.00	29718.10
263.31	20754958.00	29748.77
263.41	20784706.00	29779.47
263.51	20814486.00	29810.19
263.61	20844296.00	29840.94
263.71	20874136.00	29871.70
263.81	20904008.00	29902.49
263.91	20933910.00	29933.31
264.01	20963844.00	29964.15
264.11	20993808.00	29995.01
264.21	21023804.00	30025.89
264.31	21053830.00	30056.80
264.41	21083886.00	30087.73
264.51	21113974.00	30118.69
264.61	21144092.00	30149.67
264.71	21174242.00	30180.67
264.81	21204422.00	30211.69
264.91	21234634.00	30242.74
265.01	21264876.00	30273.81
265.11	21295150.00	30304.91
265.21	21325454.00	30336.03
265.31	21355790.00	30367.17
265.41	21386158.00	30398.34
265.51	21416556.00	30429.53
265.61	21446986.00	30460.74
265.71	21477446.00	30491.98
265.81	21507938.00	30523.24
265.91	21538462.00	30554.53
266.01	21569016.00	30585.84
266.11	21599602.00	30617.17
266.21	21630220.00	30648.53
266.31	21660868.00	30679.91
266.41	21691548.00	30711.32
266.51	21722260.00	30742.75
266.61	21753002.00	30774.20
266.71	21783776.00	30805.68
266.81	21814582.00	30837.18
266.91	21845420.00	30868.71
267.01	21876288.00	30900.26
267.11	21907188.00	30931.83
267.21	21938120.00	30963.43
267.31	21969084.00	30995.05
267.41	22000080.00	31026.70
267.51	22031106.00	31058.37
267.61	22062164.00	31090.07
267.71	22093254.00	31121.79
267.81	22124376.00	31153.53
267.91	22155530.00	31185.30
268.01	22186716.00	31217.09
268.11	22217934.00	31248.91
268.21	22249182.00	31280.75
268.31	22280462.00	31312.62
268.41	22311774.00	31344.51
268.51	22343118.00	31376.43
268.61	22374494.00	31408.37
268.71	22405902.00	31440.34
268.81	22437342.00	31472.33
268.91	22468814.00	31504.34
269.01	22500318.00	31536.38
269.11	22531854.00	31568.45
269.21	22563422.00	31600.54
269.31	22595022.00	31632.65
269.41	22626654.00	31664.79
269.51	22658318.00	31696.96
269.61	22690014.00	31729.15
269.71	22721744.00	31761.36
269.81	22753506.00	31793.60
269.91	22785300.00	31825.87
270.01	22817126.00	31858.16
270.11	22848984.00	31890.47
270.21	22880874.00	31922.81
270.31	22912796.00	31955.18
270.41	22944752.00	31987.57
270.51	22976740.00	32019.99
270.61	23008760.00	32052.43
270.71	23040812.00	32084.89
270.81	23072896.00	32117.39
270.91	23105014.00	32149.90
271.01	23137164.00	32182.45
271.11	23169346.00	32215.02
271.21	23201562.00	32247.61
271.31	23233810.00	32280.23
271.41	23266090.00	32312.88
271.51	23298402.00	32345.55
271.61	23330748.00	32378.24
271.71	23363126.00	32410.97
271.81	23395536.00	32443.71
271.91	23427980.00	32476.49
272.01	23460456.00	32509.29
272.11	23492966.00	32542.12
272.21	23525508.00	32574.97
272.31	23558082.00	32607.84
272.41	23590690.00	32640.75
272.51	23623330.00	32673.68
272.61	23656004.00	32706.63
272.71	23688710.00	32739.62
272.81	23721450.00	32772.62
272.91	23754222.00	32805.66
273.01	23787028.00	32838.71
273.11	23819866.00	32871.80
273.21	23852738.00	32904.91
273.31	23885642.00	32938.05
273.41	23918580.00	32971.22
273.51	23951552.00	33004.41
273.61	23984556.00	33037.63
273.71	24017594.00	33070.88
273.81	24050664.00	33104.14
273.91	24083768.00	33137.44
274.01	24116906.00	33170.77
274.11	24150076.00	33204.12
274.21	24183280.00	33237.49
274.31	24216518.00	33270.89
274.41	24249788.00	33304.32
274.51	24283092.00	33337.78
274.61	24316430.00	33371.27
274.71	24349802.00	33404.78
274.81	24383206.00	33438.32
274.91	24416644.00	33471.88
275.01	24450116.00	33505.47
275.11	24483622.00	33539.09
275.21	24517162.00	33572.73
275.31	24550734.00	33606.40
275.41	24584340.00	33640.10
275.51	24617980.00	33673.83
275.61	24651654.00	33707.58
275.71	24685362.00	33741.36
275.81	24719104.00	33775.17
275.91	24752880.00	33809.01
276.01	24786690.00	33842.87
276.11	24820532.00	33876.76
276.21	24854408.00	33910.68
276.31	24888318.00	33944.62
276.41	24922262.00	33978.60
276.51	24956240.00	34012.60
276.61	24990252.00	34046.62
276.71	25024298.00	34080.68
276.81	25058378.00	34114.76
276.91	25092492.00	34148.87
277.01	25126640.00	34183.01
277.11	25160824.00	34217.17
277.21	25195042.00	34251.36
277.31	25229294.00	34285.58
277.41	25263580.00	34319.83
277.51	25297900.00	34354.11
277.61	25332254.00	34388.41
277.71	25366642.00	34422.75
277.81	25401064.00	34457.11
277.91	25435522.00	34491.49
278.01	25470014.00	34525.91
278.11	25504540.00	34560.36
278.21	25539100.00	34594.83
278.31	25573694.00	34629.33
278.41	25608324.00	34663.86
278.51	25642988.00	34698.41
278.61	25677686.00	34733.00
278.71	25712420.00	34767.61
278.81	25747188.00	34802.25
278.91	25781990.00	34836.93
279.01	25816826.00	34871.62
279.11	25851698.00	34906.35
279.21	25886604.00	34941.11
279.31	25921546.00	34975.89
279.41	25956522.00	35010.71
279.51	25991532.00	35045.55
279.61	26026578.00	35080.42
279.71	26061658.00	35115.32
279.81	26096774.00	35150.25
279.91	26131924.00	35185.21
280.01	26167110.00	35220.20
280.11	26202330.00	35255.21
280.21	26237586.00	35290.25
280.31	26272876.00	35325.33
280.41	26308202.00	35360.43
280.51	26343562.00	35395.56
280.61	26378958.00	35430.72
280.71	26414388.00	35465.91
280.81	26449854.00	35501.13
280.91	26485356.00	35536.38
281.01	26520892.00	35571.66
281.11	26556464.00	35606.97
281.21	26592070.00	35642.30
281.31	26627712.00	35677.67
281.41	26663390.00	35713.07
281.51	26699104.00	35748.49
281.61	26734852.00	35783.95
281.71	26770636.00	35819.43
281.81	26806456.00	35854.95
281.91	26842310.00	35890.49
282.01	26878200.00	35926.06
282.11	26914126.00	35961.67
282.21	26950088.00	35997.30
282.31	26986086.00	36032.96
282.41	27022118.00	36068.66
282.51	27058186.00	36104.38
282.61	27094290.00	36140.14
282.71	27130430.00	36175.92
282.81	27166606.00	36211.73
282.91	27202818.00	36247.58
283.01	27239066.00	36283.45
283.11	27275350.00	36319.36
283.21	27311670.00	36355.29
283.31	27348026.00	36391.26
283.41	27384418.00	36427.25
283.51	27420846.00	36463.28
283.61	27457310.00	36499.34
283.71	27493810.00	36535.43
283.81	27530346.00	36571.54
283.91	27566918.00	36607.69
284.01	27603526.00	36643.87
284.11	27640170.00	36680.08
284.21	27676850.00	36716.32
284.31	27713566.00	36752.60
284.41	27750318.00	36788.90
284.51	27787106.00	36825.23
284.61	27823932.00	36861.60
284.71	27860794.00	36897.99
284.81	27897692.00	36934.42
284.91	27934626.00	36970.88
285.01	27971596.00	37007.36
285.11	28008604.00	37043.88
285.21	28045648.00	37080.43
285.31	28082728.00	37117.02
285.41	28119846.00	37153.63
285.51	28157000.00	37190.27
285.61	28194190.00	37226.95
285.71	28231416.00	37263.66
285.81	28268680.00	37300.40
285.91	28305980.00	37337.18
286.01	28343318.00	37373.98
286.11	28380692.00	37410.82
286.21	28418102.00	37447.68
286.31	28455550.00	37484.58
286.41	28493034.00	37521.51
286.51	28530556.00	37558.48
286.61	28568114.00	37595.47
286.71	28605710.00	37632.50
286.81	28643342.00	37669.56
286.91	28681012.00	37706.65
287.01	28718718.00	37743.77
287.11	28756462.00	37780.93
287.21	28794242.00	37818.12
287.31	28832060.00	37855.34
287.41	28869916.00	37892.59
287.51	28907808.00	37929.88
287.61	28945738.00	37967.19
287.71	28983706.00	38004.54
287.81	29021710.00	38041.93
287.91	29059752.00	38079.34
288.01	29097832.00	38116.79
288.11	29135948.00	38154.27
288.21	29174102.00	38191.79
288.31	29212294.00	38229.33
288.41	29250524.00	38266.91
288.51	29288790.00	38304.52
288.61	29327094.00	38342.17
288.71	29365436.00	38379.85
288.81	29403816.00	38417.56
288.91	29442234.00	38455.30
289.01	29480690.00	38493.08
289.11	29519184.00	38530.89
289.21	29557714.00	38568.74
289.31	29596282.00	38606.62
289.41	29634888.00	38644.53
289.51	29673532.00	38682.48
289.61	29712214.00	38720.46
289.71	29750934.00	38758.47
289.81	29789692.00	38796.52
289.91	29828488.00	38834.60
290.01	29867322.00	38872.71
290.11	29906194.00	38910.86
290.21	29945104.00	38949.04
290.31	29984054.00	38987.26
290.41	30023042.00	39025.51
290.51	30062068.00	39063.79
290.61	30101132.00	39102.11
290.71	30140234.00	39140.46
290.81	30179374.00	39178.85
290.91	30218552.00	39217.27
291.01	30257770.00	39255.73
291.11	30297026.00	39294.22
291.21	30336320.00	39332.74
291.31	30375652.00	39371.30
291.41	30415024.00	39409.89
291.51	30454434.00	39448.52
291.61	30493882.00	39487.19
291.71	30533370.00	39525.89
291.81	30572896.00	39564.62
291.91	30612460.00	39603.39
292.01	30652064.00	39642.19
292.11	30691706.00	39681.02
292.21	30731388.00	39719.89
292.31	30771108.00	39758.80
292.41	30810866.00	39797.74
292.51	30850664.00	39836.72
292.61	30890500.00	39875.73
292.71	30930376.00	39914.78
292.81	30970290.00	39953.86
292.91	31010244.00	39992.98
293.01	31050236.00	40032.14
293.11	31090268.00	40071.33
293.21	31130340.00	40110.56
293.31	31170450.00	40149.82
293.41	31210600.00	40189.12
293.51	31250790.00	40228.45
293.61	31291018.00	40267.82
293.71	31331286.00	40307.23
293.81	31371594.00	40346.67
293.91	31411940.00	40386.14
294.01	31452326.00	40425.66
294.11	31492752.00	40465.21
294.21	31533218.00	40504.80
294.31	31573722.00	40544.42
294.41	31614266.00	40584.08
294.51	31654850.00	40623.78
294.61	31695474.00	40663.51
294.71	31736138.00	40703.28
294.81	31776842.00	40743.09
294.91	31817586.00	40782.93
295.01	31858368.00	40822.81
295.11	31899190.00	40862.73
295.21	31940052.00	40902.68
295.31	31980954.00	40942.67
295.41	32021896.00	40982.70
295.51	32062878.00	41022.76
295.61	32103900.00	41062.86
295.71	32144962.00	41103.00
295.81	32186064.00	41143.18
295.91	32227208.00	41183.39
296.01	32268392.00	41223.64
296.11	32309616.00	41263.93
296.21	32350880.00	41304.25
296.31	32392184.00	41344.62
296.41	32433528.00	41385.02
296.51	32474914.00	41425.46
296.61	32516340.00	41465.93
296.71	32557806.00	41506.45
296.81	32599312.00	41547.00
296.91	32640860.00	41587.59
297.01	32682448.00	41628.22
297.11	32724076.00	41668.89
297.21	32765744.00	41709.60
297.31	32807454.00	41750.34
297.41	32849204.00	41791.12
297.51	32890996.00	41831.94
297.61	32932828.00	41872.80
297.71	32974700.00	41913.70
297.81	33016614.00	41954.64
297.91	33058568.00	41995.61
298.01	33100564.00	42036.63
298.11	33142600.00	42077.68
298.21	33184678.00	42118.77
298.31	33226796.00	42159.90
298.41	33268956.00	42201.07
298.51	33311158.00	42242.28
298.61	33353400.00	42283.53
298.71	33395684.00	42324.82
298.81	33438008.00	42366.15
298.91	33480374.00	42407.52
299.01	33522782.00	42448.92
299.11	33565232.00	42490.37
299.21	33607724.00	42531.85
299.31	33650256.00	42573.38
299.41	33692828.00	42614.94
299.51	33735444.00	42656.55
299.61	33778100.00	42698.19
299.71	33820800.00	42739.88
299.81	33863540.00	42781.60
299.91	33906320.00	42823.36
300.01	33949144.00	42865.17
300.11	33992008.00	42907.01
300.21	34034916.00	42948.90
300.31	34077864.00	42990.82
300.41	34120856.00	43032.79
300.51	34163888.00	43074.80
300.61	34206964.00	43116.84
300.71	34250080.00	43158.93
300.81	34293240.00	43201.06
300.91	34336440.00	43243.23
301.01	34379684.00	43285.45
301.11	34422968.00	43327.70
301.21	34466296.00	43369.99
301.31	34509664.00	43412.33
301.41	34553076.00	43454.70
301.51	34596532.00	43497.12
301.61	34640028.00	43539.58
301.71	34683568.00	43582.08
301.81	34727152.00	43624.62
301.91	34770776.00	43667.21
302.01	34814444.00	43709.83
302.11	34858152.00	43752.50
302.21	34901904.00	43795.21
302.31	34945700.00	43837.96
302.41	34989536.00	43880.75
302.51	35033416.00	43923.59
302.61	35077340.00	43966.47
302.71	35121308.00	44009.39
302.81	35165316.00	44052.35
302.91	35209368.00	44095.36
303.01	35253464.00	44138.40
303.11	35297604.00	44181.49
303.21	35341784.00	44224.62
303.31	35386008.00	44267.80
303.41	35430276.00	44311.02
303.51	35474588.00	44354.28
303.61	35518944.00	44397.59
303.71	35563340.00	44440.93
303.81	35607780.00	44484.32
303.91	35652264.00	44527.76
304.01	35696792.00	44571.23
304.11	35741364.00	44614.75
304.21	35785980.00	44658.32
304.31	35830640.00	44701.93
304.41	35875340.00	44745.58
304.51	35920084.00	44789.28
304.61	35964872.00	44833.02
304.71	36009704.00	44876.80
304.81	36054580.00	44920.63
304.91	36099500.00	44964.50
305.01	36144464.00	45008.42
305.11	36189472.00	45052.38
305.21	36234524.00	45096.38
305.31	36279620.00	45140.43
305.41	36324760.00	45184.53
305.51	36369944.00	45228.66
305.61	36415172.00	45272.85
305.71	36460444.00	45317.07
305.81	36505760.00	45361.35
305.91	36551120.00	45405.66
306.01	36596524.00	45450.03
306.11	36641976.00	45494.44
306.21	36687472.00	45538.89
306.31	36733012.00	45583.39
306.41	36778596.00	45627.93
306.51	36824224.00	45672.52
306.61	36869896.00	45717.16
306.71	36915612.00	45761.84
306.81	36961372.00	45806.57
306.91	37007180.00	45851.34
307.01	37053032.00	45896.16
307.11	37098928.00	45941.02
307.21	37144868.00	45985.93
307.31	37190852.00	46030.89
307.41	37236884.00	46075.89
307.51	37282960.00	46120.95
307.61	37329080.00	46166.04
307.71	37375248.00	46211.19
307.81	37421460.00	46256.38
307.91	37467716.00	46301.62
308.01	37514016.00	46346.90
308.11	37560364.00	46392.23
308.21	37606756.00	46437.61
308.31	37653192.00	46483.04
308.41	37699676.00	46528.51
308.51	37746204.00	46574.03
308.61	37792780.00	46619.60
308.71	37839400.00	46665.21
308.81	37886064.00	46710.88
308.91	37932776.00	46756.59
309.01	37979532.00	46802.34
309.11	38026336.00	46848.15
309.21	38073184.00	46894.00
309.31	38120080.00	46939.91
309.41	38167020.00	46985.86
309.51	38214004.00	47031.86
309.61	38261036.00	47077.90
309.71	38308112.00	47124.00
309.81	38355236.00	47170.14
309.91	38402408.00	47216.34
310.01	38449624.00	47262.58
310.11	38496888.00	47308.88
310.21	38544196.00	47355.21
310.31	38591552.00	47401.61
310.41	38638952.00	47448.04
310.51	38686400.00	47494.53
310.61	38733896.00	47541.07
310.71	38781436.00	47587.66
310.81	38829024.00	47634.29
310.91	38876660.00	47680.98
311.01	38924340.00	47727.72
311.11	38972068.00	47774.50
311.21	39019844.00	47821.34
311.31	39067664.00	47868.23
311.41	39115532.00	47915.16
311.51	39163448.00	47962.15
311.61	39211412.00	48009.19
311.71	39259420.00	48056.28
311.81	39307476.00	48103.42
311.91	39355580.00	48150.61
312.01	39403732.00	48197.86
312.11	39451928.00	48245.15
312.21	39500172.00	48292.49
312.31	39548464.00	48339.89
312.41	39596804.00	48387.33
312.51	39645192.00	48434.83
312.61	39693628.00	48482.38
312.71	39742112.00	48529.98
312.81	39790640.00	48577.63
312.91	39839216.00	48625.34
313.01	39887840.00	48673.09
313.11	39936512.00	48720.90
313.21	39985232.00	48768.76
313.31	40034000.00	48816.68
313.41	40082816.00	48864.64
313.51	40131680.00	48912.66
313.61	40180592.00	48960.73
313.71	40229552.00	49008.86
313.81	40278560.00	49057.03
313.91	40327616.00	49105.26
314.01	40376720.00	49153.54
314.11	40425872.00	49201.88
314.21	40475072.00	49250.27
314.31	40524324.00	49298.71
314.41	40573624.00	49347.21
314.51	40622972.00	49395.76
314.61	40672368.00	49444.36
314.71	40721812.00	49493.02
314.81	40771304.00	49541.73
314.91	40820844.00	49590.50
315.01	40870436.00	49639.32
315.11	40920076.00	49688.19
315.21	40969764.00	49737.12
315.31	41019500.00	49786.11
315.41	41069288.00	49835.14
315.51	41119124.00	49884.24
315.61	41169008.00	49933.39
315.71	41218940.00	49982.59
315.81	41268924.00	50031.85
315.91	41318956.00	50081.16
316.01	41369036.00	50130.53
316.11	41419168.00	50179.96
316.21	41469348.00	50229.44
316.31	41519576.00	50278.97
316.41	41569856.00	50328.57
316.51	41620184.00	50378.21
316.61	41670564.00	50427.92
316.71	41720992.00	50477.68
316.81	41771468.00	50527.50
316.91	41821996.00	50577.38
317.01	41872572.00	50627.30
317.11	41923200.00	50677.29
317.21	41973876.00	50727.34
317.31	42024604.00	50777.44
317.41	42075380.00	50827.60
317.51	42126208.00	50877.82
317.61	42177084.00	50928.09
317.71	42228012.00	50978.43
317.81	42278992.00	51028.82
317.91	42330020.00	51079.27
318.01	42381100.00	51129.77
318.11	42432228.00	51180.34
318.21	42483408.00	51230.96
318.31	42534640.00	51281.64
318.41	42585920.00	51332.38
318.51	42637252.00	51383.17
318.61	42688636.00	51434.03
318.71	42740072.00	51484.94
318.81	42791556.00	51535.92
318.91	42843092.00	51586.95
319.01	42894680.00	51638.05
319.11	42946320.00	51689.20
319.21	42998008.00	51740.41
319.31	43049748.00	51791.68
319.41	43101540.00	51843.02
319.51	43153384.00	51894.41
319.61	43205280.00	51945.86
319.71	43257224.00	51997.37
319.81	43309220.00	52048.95
319.91	43361268.00	52100.58
320.01	43413368.00	52152.27
320.11	43465520.00	52204.03
320.21	43517724.00	52255.84
320.31	43569980.00	52307.72
320.41	43622288.00	52359.66
320.51	43674648.00	52411.66
320.61	43727060.00	52463.72
320.71	43779524.00	52515.85
320.81	43832040.00	52568.03
320.91	43884608.00	52620.28
321.01	43937228.00	52672.59
321.11	43989900.00	52724.96
321.21	44042624.00	52777.39
321.31	44095400.00	52829.89
321.41	44148228.00	52882.45
321.51	44201112.00	52935.07
321.61	44254048.00	52987.75
321.71	44307036.00	53040.50
321.81	44360076.00	53093.31
321.91	44413168.00	53146.19
322.01	44466316.00	53199.12
322.11	44519516.00	53252.13
322.21	44572768.00	53305.20
322.31	44626072.00	53358.32
322.41	44679432.00	53411.52
322.51	44732844.00	53464.78
322.61	44786308.00	53518.10
322.71	44839828.00	53571.49
322.81	44893400.00	53624.94
322.91	44947024.00	53678.46
323.01	45000704.00	53732.04
323.11	45054436.00	53785.69
323.21	45108220.00	53839.41
323.31	45162060.00	53893.19
323.41	45215952.00	53947.04
323.51	45269900.00	54000.95
323.61	45323900.00	54054.92
323.71	45377956.00	54108.96
323.81	45432064.00	54163.07
323.91	45486228.00	54217.25
324.01	45540444.00	54271.49
324.11	45594716.00	54325.80
324.21	45649040.00	54380.18
324.31	45703420.00	54434.63
324.41	45757856.00	54489.14
324.51	45812344.00	54543.72
324.61	45866888.00	54598.37
324.71	45921488.00	54653.08
324.81	45976140.00	54707.87
324.91	46030848.00	54762.72
325.01	46085612.00	54817.64
325.11	46140428.00	54872.63
325.21	46195300.00	54927.69
325.31	46250228.00	54982.81
325.41	46305212.00	55038.01
325.51	46360252.00	55093.27
325.61	46415344.00	55148.61
325.71	46470492.00	55204.01
325.81	46525696.00	55259.48
325.91	46580956.00	55315.03
326.01	46636272.00	55370.64
326.11	46691644.00	55426.32
326.21	46747072.00	55482.08
326.31	46802556.00	55537.90
326.41	46858092.00	55593.80
326.51	46913684.00	55649.76
326.61	46969332.00	55705.80
326.71	47025036.00	55761.91
326.81	47080796.00	55818.09
326.91	47136616.00	55874.34
327.01	47192492.00	55930.67
327.11	47248424.00	55987.06
327.21	47304412.00	56043.53
327.31	47360456.00	56100.07
327.41	47416556.00	56156.68
327.51	47472712.00	56213.37
327.61	47528924.00	56270.13
327.71	47585196.00	56326.96
327.81	47641524.00	56383.87
327.91	47697908.00	56440.85
328.01	47754348.00	56497.90
328.11	47810844.00	56555.03
328.21	47867400.00	56612.23
328.31	47924012.00	56669.50
328.41	47980680.00	56726.85
328.51	48037408.00	56784.28
328.61	48094192.00	56841.78
328.71	48151032.00	56899.35
328.81	48207932.00	56957.00
328.91	48264888.00	57014.73
329.01	48321904.00	57072.53
329.11	48378976.00	57130.40
329.21	48436108.00	57188.36
329.31	48493296.00	57246.38
329.41	48550544.00	57304.49
329.51	48607848.00	57362.67
329.61	48665212.00	57420.93
329.71	48722632.00	57479.27
329.81	48780112.00	57537.68
329.91	48837648.00	57596.17
330.01	48895244.00	57654.74
330.11	48952900.00	57713.38
330.21	49010612.00	57772.11
330.31	49068384.00	57830.91
330.41	49126216.00	57889.79
330.51	49184104.00	57948.75
330.61	49242052.00	58007.79
330.71	49300060.00	58066.90
330.81	49358128.00	58126.10
330.91	49416256.00	58185.38
331.01	49474440.00	58244.73
331.11	49532684.00	58304.17
331.21	49590988.00	58363.68
331.31	49649352.00	58423.28
331.41	49707776.00	58482.96
331.51	49766260.00	58542.71
331.61	49824804.00	58602.55
331.71	49883408.00	58662.47
331.81	49942072.00	58722.47
331.91	50000796.00	58782.55
332.01	50059580.00	58842.72
332.11	50118424.00	58902.96
332.21	50177328.00	58963.29
332.31	50236292.00	59023.70
332.41	50295316.00	59084.20
332.51	50354400.00	59144.78
332.61	50413544.00	59205.44
332.71	50472748.00	59266.18
332.81	50532016.00	59327.01
332.91	50591344.00	59387.92
333.01	50650732.00	59448.91
333.11	50710180.00	59509.99
333.21	50769688.00	59571.16
333.31	50829260.00	59632.41
333.41	50888892.00	59693.74
333.51	50948584.00	59755.16
333.61	51008340.00	59816.66
333.71	51068156.00	59878.25
333.81	51128036.00	59939.93
333.91	51187976.00	60001.69
334.01	51247976.00	60063.54
334.11	51308040.00	60125.48
334.21	51368164.00	60187.50
334.31	51428352.00	60249.61
334.41	51488600.00	60311.81
334.51	51548912.00	60374.10
334.61	51609288.00	60436.47
334.71	51669724.00	60498.93
334.81	51730224.00	60561.48
334.91	51790784.00	60624.12
335.01	51851408.00	60686.85
335.11	51912096.00	60749.67
335.21	51972844.00	60812.57
335.31	52033656.00	60875.57
335.41	52094532.00	60938.66
335.51	52155472.00	61001.83
335.61	52216472.00	61065.10
335.71	52277536.00	61128.45
335.81	52338664.00	61191.90
335.91	52399856.00	61255.44
336.01	52461112.00	61319.07
336.11	52522432.00	61382.79
336.21	52583816.00	61446.61
336.31	52645264.00	61510.52
336.41	52706776.00	61574.52
336.51	52768352.00	61638.61
336.61	52829992.00	61702.79
336.71	52891696.00	61767.07
336.81	52953464.00	61831.44
336.91	53015296.00	61895.91
337.01	53077192.00	61960.46
337.11	53139152.00	62025.12
337.21	53201176.00	62089.87
337.31	53263264.00	62154.71
337.41	53325420.00	62219.65
337.51	53387640.00	62284.69
337.61	53449924.00	62349.82
337.71	53512272.00	62415.04
337.81	53574688.00	62480.37
337.91	53637168.00	62545.79
338.01	53699712.00	62611.30
338.11	53762324.00	62676.91
338.21	53825000.00	62742.62
338.31	53887744.00	62808.43
338.41	53950552.00	62874.34
338.51	54013428.00	62940.34
338.61	54076368.00	63006.45
338.71	54139376.00	63072.65
338.81	54202448.00	63138.95
338.91	54265588.00	63205.36
339.01	54328792.00	63271.86
339.11	54392064.00	63338.46
339.21	54455404.00	63405.16
339.31	54518808.00	63471.96
339.41	54582280.00	63538.87
339.51	54645820.00	63605.87
339.61	54709424.00	63672.98
339.71	54773096.00	63740.18
339.81	54836836.00	63807.50
339.91	54900644.00	63874.91
340.01	54964520.00	63942.43
340.11	55028464.00	64010.05
340.21	55092476.00	64077.77
340.31	55156552.00	64145.60
340.41	55220696.00	64213.53
340.51	55284908.00	64281.56
340.61	55349188.00	64349.70
340.71	55413536.00	64417.95
340.81	55477952.00	64486.30
340.91	55542440.00	64554.76
341.01	55606996.00	64623.32
341.11	55671620.00	64691.99
341.21	55736312.00	64760.77
341.31	55801072.00	64829.65
341.41	55865900.00	64898.64
341.51	55930800.00	64967.73
341.61	55995768.00	65036.94
341.71	56060804.00	65106.25
341.81	56125912.00	65175.68
341.91	56191088.00	65245.21
342.01	56256332.00	65314.85
342.11	56321648.00	65384.60
342.21	56387032.00	65454.46
342.31	56452488.00	65524.43
342.41	56518012.00	65594.52
342.51	56583608.00	65664.71
342.61	56649272.00	65735.02
342.71	56715008.00	65805.43
342.81	56780812.00	65875.96
342.91	56846688.00	65946.60
343.01	56912636.00	66017.36
343.11	56978652.00	66088.23
343.21	57044740.00	66159.21
343.31	57110900.00	66230.30
343.41	57177132.00	66301.52
343.51	57243432.00	66372.84
343.61	57309804.00	66444.28
343.71	57376248.00	66515.84
343.81	57442764.00	66587.51
343.91	57509352.00	66659.30
344.01	57576012.00	66731.20
344.11	57642744.00	66803.23
344.21	57709548.00	66875.37
344.31	57776424.00	66947.62
344.41	57843372.00	67020.00
344.51	57910392.00	67092.49
344.61	57977484.00	67165.10
344.71	58044648.00	67237.83
344.81	58111884.00	67310.68
344.91	58179196.00	67383.65
345.01	58246580.00	67456.74
345.11	58314036.00	67529.95
345.21	58381564.00	67603.29
345.31	58449168.00	67676.74
345.41	58516844.00	67750.32
345.51	58584596.00	67824.02
345.61	58652420.00	67897.84
345.71	58720316.00	67971.78
345.81	58788288.00	68045.85
345.91	58856332.00	68120.05
346.01	58924452.00	68194.36
346.11	58992648.00	68268.80
346.21	59060916.00	68343.37
346.31	59129260.00	68418.06
346.41	59197680.00	68492.88
346.51	59266172.00	68567.83
346.61	59334740.00	68642.90
346.71	59403384.00	68718.10
346.81	59472104.00	68793.43
346.91	59540896.00	68868.88
347.01	59609764.00	68944.47
347.11	59678708.00	69020.18
347.21	59747728.00	69096.02
347.31	59816824.00	69172.00
347.41	59885996.00	69248.10
347.51	59955244.00	69324.34
347.61	60024568.00	69400.70
347.71	60093968.00	69477.20
347.81	60163444.00	69553.84
347.91	60232996.00	69630.60
348.01	60302628.00	69707.50
348.11	60372336.00	69784.53
348.21	60442120.00	69861.70
348.31	60511980.00	69938.99
348.41	60581920.00	70016.42
348.51	60651936.00	70093.99
348.61	60722028.00	70171.70
348.71	60792200.00	70249.54
348.81	60862448.00	70327.52
348.91	60932776.00	70405.63
349.01	61003180.00	70483.88
349.11	61073664.00	70562.27
349.21	61144228.00	70640.80
349.31	61214868.00	70719.48
349.41	61285588.00	70798.29
349.51	61356388.00	70877.24
349.61	61427264.00	70956.34
349.71	61498220.00	71035.57
349.81	61569256.00	71114.95
349.91	61640372.00	71194.46
350.01	61711568.00	71274.12
350.11	61782844.00	71353.92
350.21	61854196.00	71433.87
350.31	61925628.00	71513.96
350.41	61997140.00	71594.20
350.51	62068736.00	71674.58
350.61	62140412.00	71755.11
350.71	62212168.00	71835.78
350.81	62284004.00	71916.60
350.91	62355920.00	71997.57
351.01	62427916.00	72078.69
351.11	62499996.00	72159.95
351.21	62572156.00	72241.37
351.31	62644396.00	72322.93
351.41	62716720.00	72404.65
351.51	62789124.00	72486.52
351.61	62861612.00	72568.53
351.71	62934180.00	72650.70
351.81	63006832.00	72733.02
351.91	63079564.00	72815.50
352.01	63152380.00	72898.13
352.11	63225280.00	72980.91
352.21	63298260.00	73063.85
352.31	63371324.00	73146.95
352.41	63444472.00	73230.20
352.51	63517704.00	73313.60
352.61	63591016.00	73397.16
352.71	63664412.00	73480.88
352.81	63737892.00	73564.77
352.91	63811456.00	73648.80
353.01	63885104.00	73733.00
353.11	63958836.00	73817.36
353.21	64032652.00	73901.88
353.31	64106552.00	73986.55
353.41	64180540.00	74071.40
353.51	64254612.00	74156.41
353.61	64328768.00	74241.58
353.71	64403008.00	74326.91
353.81	64477336.00	74412.41
353.91	64551748.00	74498.08
354.01	64626248.00	74583.91
354.11	64700832.00	74669.90
354.21	64775500.00	74756.06
354.31	64850256.00	74842.39
354.41	64925100.00	74928.89
354.51	65000028.00	75015.55
354.61	65075044.00	75102.39
354.71	65150148.00	75189.40
354.81	65225336.00	75276.58
354.91	65300612.00	75363.93
355.01	65375976.00	75451.45
355.11	65451428.00	75539.15
355.21	65526968.00	75627.02
355.31	65602596.00	75715.05
355.41	65678312.00	75803.27
355.51	65754116.00	75891.66
355.61	65830008.00	75980.23
355.71	65905988.00	76068.98
355.81	65982056.00	76157.91
355.91	66058212.00	76247.01
356.01	66134460.00	76336.29
356.11	66210796.00	76425.75
356.21	66287220.00	76515.39
356.31	66363736.00	76605.22
356.41	66440340.00	76695.23
356.51	66517036.00	76785.41
356.61	66593820.00	76875.79
356.71	66670696.00	76966.34
356.81	66747664.00	77057.09
356.91	66824720.00	77148.02
357.01	66901868.00	77239.13
357.11	66979108.00	77330.44
357.21	67056440.00	77421.93
357.31	67133864.00	77513.61
357.41	67211376.00	77605.48
357.51	67288984.00	77697.54
357.61	67366680.00	77789.79
357.71	67444472.00	77882.23
357.81	67522352.00	77974.88
357.91	67600328.00	78067.70
358.01	67678392.00	78160.73
358.11	67756552.00	78253.95
358.21	67834808.00	78347.36
358.31	67913152.00	78440.98
358.41	67991592.00	78534.79
358.51	68070128.00	78628.80
358.61	68148760.00	78723.01
358.71	68227480.00	78817.42
358.81	68306296.00	78912.03
358.91	68385208.00	79006.84
359.01	68464216.00	79101.86
359.11	68543320.00	79197.08
359.21	68622520.00	79292.51
359.31	68701816.00	79388.14
359.41	68781208.00	79483.98
359.51	68860688.00	79580.02
359.61	68940272.00	79676.28
359.71	69019952.00	79772.74
359.81	69099728.00	79869.41
359.91	69179600.00	79966.30
360.01	69259568.00	80063.39
360.11	69339632.00	80160.70
360.21	69419792.00	80258.23
360.31	69500048.00	80355.96
360.41	69580400.00	80453.91
360.51	69660856.00	80552.09
360.61	69741408.00	80650.48
360.71	69822056.00	80749.09
360.81	69902808.00	80847.91
360.91	69983656.00	80946.96
361.01	70064600.00	81046.23
361.11	70145648.00	81145.72
361.21	70226792.00	81245.43
361.31	70308040.00	81345.37
361.41	70389384.00	81445.53
361.51	70470832.00	81545.92
361.61	70552376.00	81646.54
361.71	70634024.00	81747.38
361.81	70715768.00	81848.46
361.91	70797616.00	81949.77
362.01	70879568.00	82051.30
362.11	70961616.00	82153.08
362.21	71043768.00	82255.09
362.31	71126024.00	82357.33
362.41	71208384.00	82459.80
362.51	71290840.00	82562.52
362.61	71373400.00	82665.47
362.71	71456064.00	82768.66
362.81	71538832.00	82872.09
362.91	71621704.00	82975.76
363.01	71704680.00	83079.67
363.11	71787760.00	83183.83
363.21	71870944.00	83288.23
363.31	71954232.00	83392.88
363.41	72037624.00	83497.78
363.51	72121120.00	83602.93
363.61	72204720.00	83708.33
363.71	72288432.00	83813.98
363.81	72372248.00	83919.88
363.91	72456168.00	84026.02
364.01	72540192.00	84132.43
364.11	72624328.00	84239.09
364.21	72708568.00	84346.01
364.31	72792912.00	84453.18
364.41	72877368.00	84560.62
364.51	72961928.00	84668.31
364.61	73046600.00	84776.27
364.71	73131376.00	84884.49
364.81	73216264.00	84992.98
364.91	73301256.00	85101.73
365.01	73386360.00	85210.74
365.11	73471568.00	85320.03
365.21	73556888.00	85429.59
365.31	73642320.00	85539.41
365.41	73727856.00	85649.52
365.51	73813504.00	85759.89
365.61	73899264.00	85870.54
365.71	73985136.00	85981.46
365.81	74071120.00	86092.66
365.91	74157216.00	86204.14
366.01	74243424.00	86315.90
366.11	74329736.00	86427.94
366.21	74416160.00	86540.27
366.31	74502704.00	86652.88
366.41	74589360.00	86765.77
366.51	74676128.00	86878.96
366.61	74763008.00	86992.44
366.71	74850000.00	87106.20
366.81	74937104.00	87220.26
366.91	75024328.00	87334.61
367.01	75111664.00	87449.26
367.11	75199112.00	87564.20
367.21	75286680.00	87679.45
367.31	75374360.00	87794.98
367.41	75462152.00	87910.83
367.51	75550064.00	88026.98
367.61	75638088.00	88143.43
367.71	75726232.00	88260.19
367.81	75814496.00	88377.25
367.91	75902872.00	88494.62
368.01	75991368.00	88612.30
368.11	76079984.00	88730.30
368.21	76168712.00	88848.62
368.31	76257560.00	88967.24
368.41	76346528.00	89086.19
368.51	76435616.00	89205.45
368.61	76524824.00	89325.04
368.71	76614152.00	89444.95
368.81	76703600.00	89565.18
368.91	76793168.00	89685.73
369.01	76882856.00	89806.62
369.11	76972664.00	89927.84
369.21	77062592.00	90049.38
369.31	77152640.00	90171.27
369.41	77242808.00	90293.48
369.51	77333104.00	90416.04
369.61	77423520.00	90538.93
369.71	77514056.00	90662.16
369.81	77604720.00	90785.74
369.91	77695504.00	90909.66
370.01	77786416.00	91033.93
370.11	77877448.00	91158.55
370.21	77968608.00	91283.52
370.31	78059888.00	91408.84
370.41	78151296.00	91534.51
370.51	78242832.00	91660.54
370.61	78334496.00	91786.93
370.71	78426280.00	91913.68
370.81	78518192.00	92040.79
370.91	78610232.00	92168.27
371.01	78702400.00	92296.11
371.11	78794696.00	92424.32
371.21	78887120.00	92552.91
371.31	78979672.00	92681.86
371.41	79072352.00	92811.20
371.51	79165160.00	92940.91
371.61	79258104.00	93070.99
371.71	79351176.00	93201.46
371.81	79444376.00	93332.32
371.91	79537712.00	93463.56
372.01	79631176.00	93595.20
372.11	79724768.00	93727.22
372.21	79818496.00	93859.63
372.31	79912352.00	93992.45
372.41	80006344.00	94125.66
372.51	80100472.00	94259.27
372.61	80194728.00	94393.28
372.71	80289120.00	94527.70
372.81	80383648.00	94662.53
372.91	80478312.00	94797.77
373.01	80573112.00	94933.41
373.11	80668048.00	95069.48
373.21	80763120.00	95205.96
373.31	80858328.00	95342.87
373.41	80953672.00	95480.20
373.51	81049152.00	95617.95
373.61	81144768.00	95756.12
373.71	81240528.00	95894.73
373.71	81240528.00	95894.73
